Attempt Start 
6.8, 0.3, 19.6, 2.4, 0, 0, 0, 0.8, 7.5, 0, 12.2, 0, 0, 3.6, 0, 0, 0, 0, 0, 0, 1.9, 0.55, 0, 2.8, 0.55, 1.95, 6.8, 0, 0, 0.45, 1.35, 3.3, 5.7, 2.6, 5.55, 1.65, 0, 2.6, 0, 0, 3.3, 0.3, 0, 0, 1.05, 2.1, 0, 4.05, 1.8, 0, 1.6, 5.55, 0.85, 6.6, 0, 2.3, 4.05, 0.8, 0, 0, 1.1, 6.6, 0.05, 0, 2.55, 0, 0.8, 0, 1.4, 1.05, 0.3, 1.05, 5.7, 3.55, 0.55, 14.35, 3.3, 0.3, 0, 0.05, 1.85, 1.4, 0.05, 0, 9.6, 1.05, 0, 0.85, 0, 2.55, 1.1, 0.3, 0.8, 1.75, 0.55, 0, 10.3, 2.05, 0, 0, 
gen0 highest 2 food touched: 24 Score: 19.6 
6.64, 7.03, 20.0, 2.44, 1.57, 0.0, 0.0, 2.73, 16.74, 0.0, 15.12, 0.29, 4.3, 3.72, 0.0, 0.53, 4.59, 0.0, 0.0, 0.0, 3.31, 2.73, 0.0, 3.02, 2.44, 0.0, 6.64, 2.15, 0.0, 0.0, 1.16, 3.21, 6.04, 2.73, 5.0, 0.26, 0.0, 2.73, 0.0, 0.58, 3.43, 5.87, 0.0, 0.0, 0.87, 2.15, 0.0, 4.3, 14.76, 0.0, 1.57, 5.19, 3.72, 7.03, 0.29, 9.44, 12.9, 2.15, 0.0, 0.0, 5.02, 7.03, 0.62, 0.0, 2.39, 0.29, 0.87, 0.0, 0.77, 21.23, 2.36, 3.31, 6.04, 2.36, 0.58, 14.49, 3.43, 2.44, 9.75, 0.58, 1.86, 0.99, 3.31, 0.0, 10.17, 1.16, 0.0, 2.44, 6.16, 2.56, 3.31, 0.29, 0.87, 3.6, 12.05, 0.0, 10.19, 0.62, 0.0, 0.0, 
gen1 highest 69 food touched: 25 Score: 21.23 
6.36, 7.21, 20.22, 2.44, 1.57, 2.54, 13.63, 2.78, 17.55, 0.0, 15.68, 0.27, 4.57, 3.82, 0.0, 5.13, 4.69, 0.0, 5.13, 11.14, 3.46, 2.85, 0.0, 2.54, 6.38, 3.46, 6.36, 5.44, 0.0, 0.0, 1.21, 2.59, 6.38, 2.85, 5.05, 0.0, 0.0, 2.13, 6.38, 4.11, 3.53, 3.22, 13.63, 7.49, 0.81, 2.18, 0.27, 4.57, 15.61, 0.27, 1.5, 15.18, 3.82, 11.9, 0.27, 8.38, 14.47, 2.18, 0.0, 0.0, 4.14, 7.49, 0.0, 0.61, 6.41, 1.09, 1.91, 0.61, 0.0, 21.23, 0.81, 3.46, 6.38, 0.81, 3.82, 14.5, 13.63, 4.11, 7.88, 0.94, 1.84, 0.9, 7.53, 1.09, 10.78, 1.28, 0.0, 2.59, 6.41, 2.54, 3.46, 0.27, 0.94, 3.73, 11.14, 6.07, 6.82, 6.38, 6.38, 0.0, 
gen2 highest 69 food touched: 25 Score: 21.23 
5.93, 7.31, 20.18, 4.85, 1.55, 7.81, 14.39, 2.8, 18.35, 3.59, 16.23, 0.23, 4.85, 3.89, 0.62, 5.31, 4.74, 7.81, 5.21, 7.98, 3.59, 2.96, 4.37, 2.48, 6.72, 3.59, 5.93, 16.5, 0.0, 3.59, 1.25, 9.04, 6.72, 2.96, 5.05, 2.8, 4.75, 1.25, 4.32, 14.64, 1.95, 14.39, 14.39, 6.72, 0.0, 3.33, 0.23, 4.85, 16.5, 14.39, 2.08, 16.03, 3.89, 11.17, 0.23, 6.88, 15.42, 2.17, 0.0, 0.0, 3.52, 7.98, 0.0, 1.02, 6.63, 0.82, 3.81, 0.62, 3.89, 20.93, 0.0, 3.59, 6.72, 0.0, 3.89, 14.35, 14.39, 4.03, 5.47, 1.02, 7.19, 0.82, 5.21, 0.82, 11.42, 1.41, 0.62, 5.38, 6.63, 2.48, 3.59, 0.23, 2.48, 3.81, 9.76, 6.23, 7.19, 6.72, 3.89, 0.0, 
gen3 highest 69 food touched: 25 Score: 20.93 
5.3, 16.73, 19.83, 5.15, 2.59, 4.16, 15.16, 2.76, 19.15, 3.69, 16.73, 2.36, 3.69, 3.92, 0.63, 16.73, 4.72, 15.16, 5.26, 8.51, 15.16, 3.06, 5.12, 2.36, 7.05, 3.69, 12.1, 17.42, 0.0, 3.69, 1.26, 6.35, 7.05, 16.45, 4.96, 1.96, 3.25, 6.35, 3.2, 14.87, 1.0, 15.16, 15.16, 7.05, 0.0, 4.39, 5.15, 10.65, 17.42, 15.16, 2.36, 16.88, 3.92, 20.24, 0.17, 2.53, 16.45, 6.25, 0.0, 3.92, 2.97, 5.75, 0.0, 0.63, 6.82, 1.9, 3.86, 0.63, 16.73, 20.24, 16.73, 5.15, 7.05, 0.44, 6.25, 13.98, 16.45, 3.86, 5.78, 2.99, 3.86, 0.44, 6.25, 16.73, 12.1, 15.16, 0.63, 6.25, 6.82, 2.36, 3.69, 10.04, 9.48, 3.86, 7.81, 6.25, 6.25, 7.05, 16.73, 0.0, 
gen4 highest 53 food touched: 25 Score: 20.24 
4.43, 17.58, 19.05, 16.64, 3.59, 4.06, 17.58, 1.95, 19.92, 31.18, 17.17, 1.95, 17.17, 6.72, 0.63, 17.17, 4.61, 13.99, 5.23, 9.06, 10.16, 3.13, 4.84, 1.95, 7.19, 3.75, 17.58, 15.94, 0.0, 3.75, 1.17, 6.41, 7.35, 17.58, 4.76, 6.64, 1.29, 17.58, 1.64, 14.98, 1.4, 10.16, 17.58, 7.19, 0.0, 4.45, 17.17, 6.64, 18.36, 15.53, 3.75, 17.74, 3.9, 19.04, 0.08, 1.56, 17.58, 6.64, 0.0, 6.64, 3.9, 5.71, 0.0, 0.63, 6.64, 17.17, 3.83, 0.63, 17.17, 19.04, 17.17, 31.18, 10.16, 0.0, 6.64, 13.33, 9.06, 3.59, 6.1, 2.81, 6.64, 0.0, 6.64, 17.17, 12.81, 15.94, 0.63, 6.64, 13.99, 2.18, 3.75, 9.13, 7.19, 17.58, 5.13, 6.64, 6.64, 7.35, 17.58, 1.4, 
gen5 highest 9 food touched: 20 Score: 31.18 
19.92, 17.58, 19.05, 16.64, 6.64, 4.06, 17.58, 1.95, 19.92, 31.18, 17.17, 1.4, 17.17, 4.84, 0.63, 17.17, 4.61, 13.99, 5.23, 17.58, 10.16, 17.17, 4.84, 1.95, 17.17, 3.75, 17.58, 17.58, 0.0, 3.75, 18.36, 6.41, 3.75, 17.58, 4.76, 6.64, 1.29, 17.58, 1.64, 14.98, 17.17, 15.53, 17.58, 17.17, 13.99, 4.45, 17.17, 6.64, 18.36, 17.58, 3.75, 17.74, 17.17, 19.04, 0.08, 9.06, 17.58, 6.64, 5.71, 6.64, 6.64, 5.55, 1.17, 2.81, 6.64, 13.99, 3.83, 0.63, 31.56, 19.04, 17.17, 31.18, 10.16, 3.75, 6.64, 13.33, 17.58, 3.59, 4.29, 2.81, 6.64, 0.0, 6.64, 13.99, 12.81, 15.94, 5.55, 6.64, 13.99, 17.58, 3.75, 17.58, 15.94, 17.58, 5.13, 6.64, 6.64, 7.35, 31.18, 1.4, 
gen6 highest 68 food touched: 16 Score: 31.56 
19.21, 16.36, 20.37, 15.86, 6.23, 4.24, 8.48, 1.55, 19.21, 29.63, 16.82, 16.82, 16.82, 3.76, 0.65, 13.17, 4.84, 13.17, 5.34, 16.36, 10.18, 16.82, 3.29, 1.75, 16.36, 3.74, 16.36, 16.36, 0.0, 3.74, 17.41, 16.82, 3.74, 8.48, 5.09, 6.23, 3.82, 16.36, 3.76, 15.03, 13.17, 15.86, 8.48, 16.36, 13.17, 3.9, 16.82, 6.23, 17.41, 16.36, 3.74, 16.91, 16.36, 20.88, 0.2, 16.36, 16.36, 6.23, 19.21, 6.23, 6.23, 6.23, 8.48, 3.1, 6.23, 13.17, 3.94, 0.65, 29.53, 20.88, 13.17, 29.63, 10.18, 3.74, 6.23, 14.34, 16.36, 4.0, 4.84, 10.03, 6.23, 0.0, 6.23, 13.17, 15.86, 15.16, 6.23, 6.23, 13.17, 16.36, 3.74, 16.36, 16.36, 16.36, 8.72, 6.23, 6.23, 7.08, 29.63, 1.55, 
gen7 highest 9 food touched: 20 Score: 29.63 
19.21, 29.63, 20.37, 15.86, 6.23, 4.24, 8.48, 15.86, 19.21, 29.63, 16.82, 16.82, 13.17, 3.9, 1.55, 13.17, 4.84, 13.17, 16.36, 9.58, 10.18, 16.82, 3.29, 1.75, 16.36, 3.74, 16.36, 16.36, 0.0, 3.74, 17.41, 16.82, 3.74, 8.48, 5.09, 6.23, 5.34, 8.48, 3.76, 8.23, 13.17, 15.86, 16.36, 16.36, 13.17, 3.9, 16.82, 6.23, 17.41, 16.36, 17.41, 16.91, 16.36, 20.88, 0.65, 9.58, 16.36, 6.23, 10.03, 6.23, 6.23, 6.23, 8.48, 5.09, 6.23, 13.17, 3.94, 0.65, 29.53, 20.88, 13.17, 29.63, 10.18, 29.63, 6.23, 14.34, 8.48, 4.0, 3.74, 10.03, 6.23, 0.0, 6.23, 13.17, 15.86, 15.16, 6.23, 6.23, 13.17, 16.36, 17.41, 16.36, 16.36, 16.36, 8.72, 6.23, 6.23, 7.08, 31.82, 1.55, 
gen8 highest 98 food touched: 22 Score: 31.82 
10.03, 29.63, 20.37, 13.22, 6.23, 13.17, 16.36, 15.86, 19.21, 29.63, 16.82, 13.17, 13.17, 3.9, 5.34, 13.17, 4.84, 13.17, 9.58, 16.36, 10.18, 13.17, 3.29, 1.1, 19.21, 3.74, 16.36, 16.36, 0.0, 17.41, 17.41, 16.82, 17.41, 16.36, 5.09, 6.23, 5.34, 16.36, 5.34, 8.23, 13.17, 15.86, 8.48, 19.21, 13.17, 3.9, 16.82, 6.23, 17.41, 16.36, 17.41, 16.91, 19.21, 20.88, 0.65, 9.58, 16.36, 6.23, 17.41, 6.23, 6.23, 6.23, 16.36, 5.09, 6.23, 13.17, 3.94, 0.65, 29.53, 20.88, 13.17, 29.63, 10.18, 29.63, 6.23, 14.34, 8.48, 4.0, 3.74, 10.03, 6.23, 0.0, 6.23, 13.17, 15.86, 12.52, 6.23, 6.23, 13.17, 16.36, 17.41, 16.36, 9.98, 16.36, 5.34, 6.23, 6.23, 7.08, 31.82, 5.34, 
gen9 highest 98 food touched: 22 Score: 31.82 
19.21, 29.63, 20.37, 13.17, 6.23, 13.17, 8.48, 15.86, 19.21, 29.63, 16.82, 13.17, 13.17, 3.9, 19.21, 13.17, 4.84, 13.17, 9.58, 16.36, 5.14, 13.17, 3.25, 6.23, 19.21, 29.63, 16.36, 9.98, 0.0, 17.41, 17.41, 8.48, 17.41, 16.36, 5.09, 6.23, 5.34, 16.36, 16.36, 29.63, 13.17, 15.86, 8.48, 15.01, 13.17, 3.9, 13.17, 6.23, 17.41, 16.36, 17.41, 16.91, 19.21, 20.88, 0.65, 16.36, 16.36, 6.23, 17.41, 6.23, 6.23, 6.23, 16.36, 5.09, 6.23, 13.17, 3.94, 15.01, 29.53, 20.88, 13.17, 29.63, 10.18, 29.63, 6.23, 14.34, 8.48, 4.0, 3.74, 10.03, 6.23, 0.0, 6.23, 13.17, 15.86, 12.52, 6.23, 6.23, 13.17, 16.36, 17.41, 16.36, 9.98, 16.36, 16.36, 6.23, 6.23, 7.08, 31.82, 19.21, 
gen10 highest 98 food touched: 22 Score: 31.82 
14.34, 29.63, 20.37, 13.17, 6.23, 13.17, 16.36, 15.86, 10.03, 29.63, 13.17, 13.17, 13.17, 5.99, 19.21, 13.17, 4.84, 13.17, 16.36, 9.98, 5.14, 13.17, 2.65, 6.23, 19.21, 29.63, 16.36, 9.98, 0.0, 17.41, 17.41, 8.48, 17.41, 16.36, 5.09, 6.23, 16.36, 16.36, 8.48, 29.63, 13.17, 15.86, 16.36, 15.01, 13.17, 3.9, 13.17, 6.23, 17.41, 9.98, 17.41, 16.91, 19.21, 20.88, 0.65, 9.98, 16.36, 6.23, 17.41, 6.23, 6.23, 6.23, 16.36, 5.09, 6.23, 13.17, 3.94, 15.01, 29.53, 20.88, 13.17, 29.63, 10.18, 29.63, 6.23, 14.34, 8.48, 4.0, 3.74, 19.21, 6.23, 0.0, 6.23, 13.17, 15.86, 12.52, 6.23, 6.23, 13.17, 9.98, 17.41, 8.48, 9.98, 16.36, 9.98, 6.23, 6.23, 6.23, 31.82, 19.21, 
gen11 highest 98 food touched: 22 Score: 31.82 
14.34, 29.63, 20.37, 13.17, 6.23, 13.17, 9.98, 15.86, 17.41, 29.63, 13.17, 13.17, 13.17, 5.99, 19.21, 13.17, 4.84, 13.17, 8.48, 16.36, 9.98, 13.17, 12.52, 6.23, 10.03, 29.63, 9.98, 9.98, 0.0, 17.41, 17.41, 8.48, 17.41, 16.36, 5.09, 6.23, 16.36, 16.36, 8.48, 29.63, 13.17, 15.86, 16.36, 15.01, 13.17, 3.9, 13.17, 6.23, 17.41, 16.36, 17.41, 16.91, 19.21, 20.88, 0.65, 9.98, 16.36, 6.23, 17.41, 6.23, 6.23, 6.23, 9.98, 5.09, 6.23, 13.17, 3.94, 15.01, 29.53, 20.88, 13.17, 29.63, 10.18, 29.63, 6.23, 14.34, 8.48, 4.0, 20.37, 10.03, 6.23, 0.0, 6.23, 13.17, 15.86, 12.52, 6.23, 6.23, 13.17, 9.98, 17.41, 8.48, 16.36, 16.36, 9.98, 6.23, 6.23, 6.23, 31.82, 19.21, 
gen12 highest 98 food touched: 22 Score: 31.82 
14.34, 29.63, 20.37, 13.17, 6.23, 13.17, 9.98, 15.86, 17.41, 29.63, 13.17, 13.17, 13.17, 5.99, 19.21, 13.17, 4.84, 13.17, 16.36, 16.36, 19.21, 13.17, 12.52, 6.23, 10.03, 29.63, 9.98, 9.98, 0.0, 17.41, 17.41, 8.48, 17.41, 8.48, 5.09, 6.39, 16.36, 8.48, 16.36, 29.63, 13.17, 15.86, 9.98, 15.01, 13.17, 3.9, 13.17, 6.23, 17.41, 16.36, 17.41, 16.91, 10.03, 20.88, 0.65, 9.98, 16.36, 6.23, 17.41, 6.23, 6.23, 6.23, 16.36, 5.09, 6.23, 13.17, 3.94, 16.36, 29.53, 20.88, 13.17, 29.63, 5.29, 29.63, 6.23, 14.34, 8.48, 4.0, 20.37, 10.03, 6.23, 0.0, 6.23, 13.17, 15.86, 12.52, 6.23, 6.23, 13.17, 9.98, 17.41, 8.48, 16.36, 8.48, 16.36, 6.23, 6.23, 6.23, 31.82, 19.21, 
gen13 highest 98 food touched: 22 Score: 31.82 
14.34, 29.63, 20.37, 13.17, 6.23, 13.17, 9.98, 15.86, 17.41, 29.63, 13.17, 13.17, 13.17, 5.99, 19.21, 13.17, 4.84, 13.17, 9.98, 16.36, 19.21, 13.17, 12.52, 6.23, 7.78, 29.63, 16.36, 9.98, 0.0, 17.41, 17.41, 8.48, 17.41, 8.48, 5.09, 17.41, 9.58, 8.48, 9.98, 29.63, 13.17, 15.86, 16.36, 15.01, 13.17, 2.89, 13.17, 6.23, 17.41, 16.36, 17.41, 16.91, 19.21, 20.88, 0.65, 9.98, 16.36, 6.23, 17.41, 6.23, 6.23, 6.23, 16.36, 5.09, 6.23, 13.17, 3.94, 16.36, 29.53, 20.88, 13.17, 29.63, 5.29, 29.63, 6.23, 14.34, 8.48, 20.7, 20.37, 10.03, 6.23, 0.0, 6.23, 13.17, 15.86, 12.52, 6.23, 6.23, 13.17, 9.98, 17.41, 8.48, 16.36, 8.48, 16.36, 6.23, 6.23, 6.23, 31.82, 19.21, 
gen14 highest 98 food touched: 22 Score: 31.82 
14.34, 29.63, 20.37, 13.17, 6.23, 13.17, 16.36, 15.86, 17.41, 29.63, 13.17, 13.17, 13.17, 5.99, 19.21, 13.17, 4.84, 13.17, 9.98, 16.36, 19.21, 13.17, 12.52, 6.23, 7.78, 29.63, 16.36, 16.36, 0.0, 17.41, 17.41, 8.48, 17.41, 8.48, 5.09, 17.41, 16.36, 8.48, 16.36, 29.63, 13.17, 15.86, 16.36, 15.01, 13.17, 2.89, 13.17, 6.23, 17.41, 16.36, 17.41, 16.91, 12.52, 20.88, 0.65, 16.36, 16.36, 6.23, 17.41, 6.23, 6.23, 6.23, 16.36, 15.46, 6.23, 13.17, 3.94, 16.36, 29.53, 20.88, 13.17, 29.63, 5.29, 29.63, 6.23, 14.34, 8.48, 20.7, 20.37, 10.03, 6.23, 0.0, 6.23, 13.17, 15.86, 12.52, 6.23, 6.23, 13.17, 16.36, 17.41, 8.48, 16.36, 8.48, 16.36, 6.23, 6.23, 6.23, 31.82, 19.21, 
gen15 highest 98 food touched: 22 Score: 31.82 
14.34, 31.82, 20.37, 13.17, 6.23, 13.17, 16.36, 15.86, 17.41, 29.63, 13.17, 13.17, 13.17, 7.33, 19.21, 13.17, 4.84, 13.17, 16.36, 16.36, 19.21, 13.17, 12.52, 6.23, 7.78, 29.63, 16.36, 16.36, 0.0, 17.41, 17.41, 8.48, 17.41, 8.48, 5.09, 17.41, 16.36, 8.48, 16.36, 29.63, 13.17, 15.86, 16.36, 15.01, 13.17, 2.89, 13.17, 6.23, 17.41, 16.36, 17.41, 16.91, 12.52, 20.88, 0.65, 16.36, 16.36, 6.23, 17.41, 6.23, 6.23, 6.23, 16.36, 15.46, 6.23, 13.17, 3.94, 16.36, 29.53, 20.88, 13.17, 29.63, 5.29, 29.63, 6.23, 14.34, 8.48, 20.7, 20.37, 19.21, 6.23, 0.0, 6.23, 13.17, 15.86, 12.52, 6.23, 6.23, 13.17, 8.68, 17.41, 8.48, 16.36, 8.48, 16.36, 6.23, 6.23, 6.23, 31.82, 19.21, 
gen16 highest 1 food touched: 22 Score: 31.82 
14.34, 31.82, 20.37, 13.17, 6.23, 13.17, 16.36, 15.86, 17.41, 29.63, 13.17, 13.17, 13.17, 20.37, 19.21, 13.17, 4.84, 13.17, 16.36, 16.36, 19.21, 13.17, 12.52, 6.23, 7.78, 29.63, 16.36, 16.36, 0.0, 17.41, 17.41, 8.48, 17.41, 8.48, 5.09, 17.41, 16.36, 8.48, 16.36, 29.63, 13.17, 15.86, 16.36, 15.01, 13.17, 2.89, 13.17, 6.23, 17.41, 16.36, 17.41, 10.88, 12.52, 20.88, 0.65, 16.36, 16.36, 6.23, 17.41, 6.23, 6.23, 6.23, 16.36, 15.46, 6.23, 13.17, 3.94, 16.36, 29.53, 20.88, 13.17, 29.63, 5.29, 29.63, 6.23, 14.34, 8.48, 20.7, 20.37, 19.21, 6.23, 0.0, 6.23, 13.17, 15.86, 12.52, 6.23, 6.23, 13.17, 8.68, 17.41, 8.48, 16.36, 8.48, 16.36, 6.23, 6.23, 6.23, 31.82, 10.03, 
gen17 highest 1 food touched: 22 Score: 31.82 
14.34, 31.82, 20.37, 13.17, 6.23, 13.17, 8.68, 15.86, 17.41, 29.63, 13.17, 13.17, 13.17, 20.37, 19.21, 13.17, 4.84, 13.17, 16.36, 16.36, 10.03, 13.17, 12.52, 6.23, 7.78, 29.63, 8.68, 16.36, 0.0, 17.41, 17.41, 8.48, 17.41, 8.48, 5.09, 17.41, 16.36, 8.48, 16.36, 29.63, 13.17, 15.86, 8.68, 15.01, 13.17, 10.88, 13.17, 6.23, 17.41, 16.36, 17.41, 10.88, 12.52, 20.88, 0.65, 16.36, 16.36, 6.23, 17.41, 6.23, 6.23, 6.23, 8.68, 15.46, 6.23, 13.17, 3.94, 8.68, 29.53, 20.88, 13.17, 29.63, 5.29, 29.63, 6.23, 14.34, 8.48, 20.7, 20.37, 19.21, 6.23, 0.0, 6.23, 13.17, 15.86, 12.52, 6.23, 6.23, 13.17, 8.68, 17.41, 8.48, 16.36, 8.48, 16.36, 6.23, 6.23, 10.03, 31.82, 19.21, 
gen18 highest 1 food touched: 22 Score: 31.82 
14.34, 31.82, 20.37, 13.17, 6.23, 13.17, 8.68, 15.86, 17.41, 29.63, 13.17, 13.17, 13.17, 20.37, 10.03, 13.17, 4.84, 13.17, 16.36, 8.68, 19.21, 13.17, 12.52, 6.23, 11.19, 29.63, 7.33, 16.36, 0.0, 17.41, 17.41, 8.48, 17.41, 8.48, 5.09, 17.41, 8.68, 8.48, 8.68, 29.63, 13.17, 15.86, 8.68, 15.01, 13.17, 10.03, 13.17, 6.23, 17.41, 8.68, 17.41, 10.88, 8.48, 20.88, 0.65, 16.36, 16.36, 6.23, 17.41, 6.23, 6.23, 6.23, 8.68, 15.46, 6.23, 13.17, 3.94, 8.68, 29.53, 20.88, 13.17, 29.63, 3.9, 29.63, 6.23, 14.34, 8.48, 20.7, 20.37, 10.03, 6.23, 0.0, 6.23, 13.17, 15.86, 12.52, 6.23, 6.23, 13.17, 8.68, 17.41, 8.48, 16.36, 8.48, 8.68, 6.23, 6.23, 10.03, 31.82, 19.21, 
gen19 highest 1 food touched: 22 Score: 31.82 
14.34, 31.82, 20.37, 13.17, 6.23, 13.17, 6.0, 15.86, 17.41, 29.63, 13.17, 13.17, 13.17, 20.37, 10.03, 13.17, 4.84, 13.17, 8.68, 8.68, 19.21, 13.17, 12.52, 6.23, 11.19, 29.63, 4.44, 16.36, 0.0, 17.41, 17.41, 8.48, 17.41, 8.48, 8.29, 17.41, 8.68, 8.48, 8.68, 20.37, 13.17, 15.86, 6.0, 15.01, 13.17, 6.23, 13.17, 6.23, 17.41, 8.68, 17.41, 10.88, 8.48, 20.88, 0.65, 8.68, 16.36, 6.23, 17.41, 6.23, 6.23, 6.23, 6.0, 15.86, 6.23, 13.17, 3.94, 8.68, 29.53, 20.88, 13.17, 29.63, 5.99, 29.63, 6.23, 14.34, 8.48, 20.7, 20.37, 10.03, 6.23, 0.0, 6.23, 13.17, 15.86, 12.52, 6.23, 6.23, 13.17, 7.33, 17.41, 8.48, 8.68, 8.48, 7.33, 6.23, 6.23, 10.03, 31.82, 10.03, 
gen20 highest 1 food touched: 22 Score: 31.82 
14.34, 31.82, 20.37, 13.17, 6.23, 13.17, 19.21, 15.86, 17.41, 29.63, 13.17, 13.17, 13.17, 20.37, 17.41, 13.17, 4.84, 13.17, 8.68, 6.0, 19.21, 13.17, 12.52, 6.23, 11.19, 29.63, 2.64, 8.68, 0.0, 17.41, 17.41, 8.48, 17.41, 8.48, 8.29, 17.41, 8.68, 8.48, 8.68, 20.37, 13.17, 15.86, 29.63, 15.01, 13.17, 16.36, 13.17, 6.23, 17.41, 8.68, 17.41, 10.88, 8.48, 20.88, 0.65, 8.68, 16.36, 6.23, 17.41, 6.23, 6.23, 6.23, 6.0, 15.86, 6.23, 13.17, 3.94, 8.68, 29.53, 20.88, 13.17, 29.63, 5.99, 29.63, 6.23, 14.34, 8.48, 20.7, 20.37, 10.03, 6.23, 0.0, 6.23, 13.17, 15.86, 12.52, 6.23, 6.23, 13.17, 29.63, 17.41, 8.48, 8.68, 8.48, 7.33, 6.23, 6.23, 10.03, 31.82, 10.03, 
gen21 highest 1 food touched: 22 Score: 31.82 
14.34, 31.82, 20.37, 13.17, 6.23, 13.17, 19.21, 15.86, 17.41, 29.63, 13.17, 13.17, 13.17, 20.37, 17.41, 13.17, 4.84, 13.17, 8.68, 6.0, 19.21, 13.17, 12.52, 6.23, 11.19, 29.63, 10.03, 8.68, 0.0, 17.41, 17.41, 8.48, 17.41, 8.48, 8.29, 17.41, 8.68, 8.48, 8.68, 20.37, 13.17, 15.86, 15.86, 15.01, 13.17, 16.36, 13.17, 6.23, 17.41, 8.68, 17.41, 10.88, 8.48, 20.88, 0.65, 8.68, 16.36, 6.23, 17.41, 6.23, 6.23, 6.23, 6.0, 15.86, 6.23, 13.17, 3.94, 8.68, 29.53, 20.88, 13.17, 29.63, 5.99, 29.63, 6.23, 14.34, 8.48, 20.7, 20.37, 10.03, 6.23, 0.0, 6.23, 13.17, 15.86, 12.52, 6.23, 6.23, 13.17, 29.63, 17.41, 8.48, 8.68, 8.48, 7.33, 6.23, 6.23, 10.03, 31.82, 10.03, 
gen22 highest 1 food touched: 22 Score: 31.82 
14.34, 31.82, 20.37, 13.17, 6.23, 13.17, 19.21, 15.86, 17.41, 29.63, 13.17, 13.17, 13.17, 20.37, 17.41, 13.17, 4.84, 13.17, 8.68, 6.0, 31.82, 13.17, 12.52, 6.23, 11.19, 29.63, 10.03, 8.68, 0.0, 17.41, 17.41, 8.48, 17.41, 8.48, 8.29, 17.41, 8.68, 8.48, 8.68, 20.37, 13.17, 15.86, 15.86, 15.01, 13.17, 16.36, 13.17, 6.23, 17.41, 8.68, 17.41, 10.88, 8.48, 20.88, 0.65, 8.68, 16.36, 6.23, 17.41, 6.23, 6.23, 6.23, 6.0, 15.86, 6.23, 13.17, 3.94, 8.68, 29.53, 20.88, 13.17, 29.63, 5.99, 29.63, 6.23, 14.34, 8.48, 20.7, 20.37, 10.03, 6.23, 0.0, 6.23, 13.17, 15.86, 12.52, 6.23, 6.23, 13.17, 29.63, 17.41, 8.48, 8.68, 8.48, 29.63, 6.23, 6.23, 10.03, 31.82, 19.21, 
gen23 highest 1 food touched: 22 Score: 31.82 
14.34, 31.82, 20.37, 13.17, 6.23, 13.17, 19.21, 15.86, 17.41, 29.63, 13.17, 13.17, 13.17, 20.37, 17.41, 13.17, 4.84, 13.17, 8.68, 6.0, 31.82, 13.17, 12.52, 6.23, 11.19, 29.63, 10.03, 6.0, 0.0, 17.41, 17.41, 8.48, 17.41, 8.48, 8.29, 17.41, 8.68, 8.48, 8.68, 20.37, 13.17, 15.86, 15.86, 15.01, 13.17, 16.36, 13.17, 6.23, 17.41, 8.68, 17.41, 10.88, 8.48, 20.88, 0.65, 6.0, 16.36, 6.23, 17.41, 6.23, 6.23, 6.23, 6.23, 15.86, 6.23, 13.17, 3.94, 8.68, 29.53, 20.88, 13.17, 29.63, 5.99, 29.63, 6.23, 14.34, 8.48, 20.7, 20.37, 10.03, 6.23, 0.0, 6.23, 13.17, 15.86, 12.52, 6.23, 6.23, 13.17, 29.63, 17.41, 8.48, 8.68, 8.48, 29.63, 6.23, 6.23, 10.03, 31.82, 19.21, 
gen24 highest 1 food touched: 22 Score: 31.82 
14.34, 31.82, 20.37, 13.17, 6.23, 13.17, 19.21, 15.86, 17.41, 29.63, 13.17, 13.17, 13.17, 20.37, 17.41, 13.17, 4.84, 13.17, 6.0, 6.23, 31.82, 13.17, 12.52, 6.23, 11.19, 29.63, 10.03, 6.0, 0.0, 17.41, 17.41, 8.48, 17.41, 8.48, 8.29, 17.41, 8.68, 8.48, 8.68, 20.37, 13.17, 15.86, 15.86, 15.01, 13.17, 16.36, 13.17, 6.23, 17.41, 8.68, 17.41, 10.88, 8.48, 20.88, 0.65, 6.23, 16.36, 6.23, 17.41, 6.23, 6.23, 6.23, 6.23, 15.86, 6.23, 13.17, 3.94, 7.33, 29.53, 20.88, 13.17, 29.63, 5.99, 29.63, 6.23, 14.34, 8.48, 19.21, 20.37, 10.03, 6.23, 0.0, 6.23, 13.17, 15.86, 12.52, 6.23, 6.23, 13.17, 29.63, 17.41, 8.48, 8.68, 8.48, 29.63, 6.23, 6.23, 10.03, 31.82, 19.21, 
gen25 highest 1 food touched: 22 Score: 31.82 
14.34, 31.82, 20.37, 13.17, 6.23, 13.17, 19.21, 15.86, 17.41, 29.63, 13.17, 13.17, 13.17, 20.37, 17.41, 13.17, 4.84, 13.17, 19.21, 6.23, 31.82, 13.17, 12.52, 6.23, 11.19, 29.63, 19.21, 6.23, 0.0, 17.41, 17.41, 8.48, 17.41, 8.48, 8.29, 17.41, 6.0, 8.48, 8.68, 20.37, 13.17, 15.86, 15.86, 15.01, 13.17, 16.36, 13.17, 6.23, 17.41, 8.68, 17.41, 10.88, 8.48, 20.88, 0.65, 6.23, 16.36, 6.23, 17.41, 6.23, 6.23, 6.23, 6.23, 15.86, 6.23, 13.17, 3.94, 7.33, 29.53, 20.88, 13.17, 29.63, 5.99, 29.63, 6.23, 14.34, 8.48, 19.21, 20.37, 10.03, 6.23, 0.0, 6.23, 13.17, 15.86, 12.52, 6.23, 6.23, 13.17, 29.63, 17.41, 8.48, 6.0, 8.48, 29.63, 6.23, 6.23, 10.03, 31.82, 10.03, 
gen26 highest 1 food touched: 22 Score: 31.82 
14.34, 31.82, 20.37, 13.17, 6.23, 13.17, 19.21, 15.86, 17.41, 29.63, 13.17, 13.17, 13.17, 20.37, 17.41, 13.17, 4.84, 13.17, 19.21, 6.23, 31.82, 13.17, 12.52, 6.23, 11.19, 29.63, 19.21, 6.23, 0.0, 17.41, 17.41, 8.48, 17.41, 8.48, 8.29, 17.41, 19.21, 8.48, 6.0, 20.37, 13.17, 15.86, 15.86, 15.01, 13.17, 16.36, 13.17, 6.23, 17.41, 7.33, 17.41, 10.88, 8.48, 20.88, 5.34, 6.23, 16.36, 6.23, 17.41, 6.23, 6.23, 6.23, 6.23, 15.86, 6.23, 13.17, 3.94, 7.33, 29.53, 20.88, 13.17, 29.63, 7.33, 29.63, 6.23, 14.34, 8.48, 19.21, 20.37, 10.03, 6.23, 0.0, 6.23, 13.17, 15.86, 12.52, 6.23, 6.23, 13.17, 29.63, 17.41, 8.48, 6.0, 8.48, 29.63, 6.23, 6.23, 10.03, 31.82, 10.03, 
gen27 highest 1 food touched: 22 Score: 31.82 
14.34, 31.82, 20.37, 13.17, 6.23, 13.17, 19.21, 15.86, 17.41, 29.63, 13.17, 13.17, 13.17, 20.37, 17.41, 13.17, 4.84, 13.17, 10.03, 6.23, 31.82, 13.17, 12.52, 6.23, 11.19, 29.63, 19.21, 6.23, 0.0, 17.41, 17.41, 8.48, 17.41, 8.48, 8.29, 17.41, 10.03, 8.48, 19.21, 20.37, 13.17, 15.86, 15.86, 15.01, 13.17, 16.36, 13.17, 6.23, 17.41, 7.33, 17.41, 10.88, 8.48, 20.88, 5.34, 6.23, 16.36, 6.23, 17.41, 6.23, 6.23, 6.23, 5.14, 15.86, 6.23, 13.17, 3.94, 7.33, 29.53, 20.88, 13.17, 29.63, 7.33, 29.63, 6.23, 14.34, 8.48, 19.21, 20.37, 10.03, 6.23, 1.1, 6.23, 13.17, 15.86, 12.52, 6.23, 6.23, 13.17, 29.63, 17.41, 8.48, 6.23, 8.48, 29.63, 6.23, 6.23, 10.03, 31.82, 10.03, 
gen28 highest 1 food touched: 22 Score: 31.82 
14.34, 31.82, 20.37, 13.17, 6.23, 13.17, 19.21, 15.86, 17.41, 29.63, 13.17, 13.17, 13.17, 20.37, 17.41, 13.17, 4.84, 13.17, 19.21, 6.23, 31.82, 13.17, 12.52, 6.23, 11.19, 29.63, 19.21, 5.14, 0.0, 17.41, 17.41, 8.48, 17.41, 8.48, 8.29, 17.41, 9.65, 8.48, 19.21, 20.37, 13.17, 15.86, 15.86, 15.01, 13.17, 16.36, 13.17, 6.23, 17.41, 7.33, 17.41, 10.88, 8.48, 20.88, 5.34, 3.99, 16.36, 6.23, 17.41, 6.23, 6.23, 6.23, 5.34, 15.86, 6.23, 13.17, 3.94, 24.54, 29.53, 20.88, 13.17, 29.63, 7.33, 29.63, 6.23, 14.34, 8.48, 19.21, 20.37, 10.03, 6.23, 1.1, 6.23, 13.17, 15.86, 12.52, 6.23, 6.23, 13.17, 29.63, 17.41, 8.48, 6.23, 8.48, 29.63, 6.23, 6.23, 10.03, 31.82, 10.03, 
gen29 highest 1 food touched: 22 Score: 31.82 
14.34, 31.82, 20.37, 13.17, 6.23, 13.17, 19.21, 15.86, 17.41, 29.63, 13.17, 13.17, 13.17, 20.37, 17.41, 13.17, 4.84, 13.17, 15.46, 6.23, 31.82, 13.17, 12.52, 6.23, 11.19, 29.63, 19.21, 5.34, 0.0, 17.41, 17.41, 8.48, 17.41, 8.48, 8.29, 17.41, 5.29, 8.48, 19.21, 20.37, 13.17, 15.86, 15.86, 15.01, 13.17, 16.36, 13.17, 6.23, 17.41, 7.33, 17.41, 10.88, 8.48, 20.88, 5.34, 3.99, 10.03, 6.23, 17.41, 6.23, 6.23, 6.23, 5.34, 15.86, 6.23, 13.17, 3.94, 24.54, 29.53, 20.88, 13.17, 29.63, 20.37, 29.63, 6.23, 14.34, 8.48, 19.21, 20.37, 10.03, 6.23, 20.37, 6.23, 13.17, 15.86, 12.52, 6.23, 6.23, 13.17, 29.63, 17.41, 8.48, 6.23, 8.48, 29.63, 6.23, 6.23, 19.21, 31.82, 10.03, 
gen30 highest 1 food touched: 22 Score: 31.82 
14.34, 31.82, 20.37, 13.17, 6.23, 13.17, 19.21, 15.86, 17.41, 29.63, 13.17, 13.17, 13.17, 20.37, 17.41, 13.17, 4.84, 13.17, 19.21, 6.23, 31.82, 13.17, 12.52, 6.23, 11.19, 29.63, 19.21, 5.34, 0.0, 17.41, 17.41, 8.48, 17.41, 8.48, 8.29, 17.41, 5.29, 8.48, 19.21, 20.37, 13.17, 15.86, 15.86, 15.01, 13.17, 16.36, 13.17, 6.23, 17.41, 7.33, 17.41, 10.88, 8.48, 20.88, 5.34, 3.99, 10.03, 6.23, 17.41, 6.23, 6.23, 6.23, 5.29, 15.86, 6.23, 13.17, 3.94, 24.54, 29.53, 20.88, 13.17, 29.63, 20.37, 29.63, 6.23, 14.34, 8.48, 19.21, 20.37, 10.03, 6.23, 20.37, 6.23, 13.17, 15.86, 12.52, 6.23, 6.23, 13.17, 29.63, 17.41, 8.48, 6.23, 8.48, 29.63, 6.23, 6.23, 19.21, 31.82, 10.03, 
gen31 highest 1 food touched: 22 Score: 31.82 
14.34, 31.82, 20.37, 13.17, 6.23, 13.17, 19.21, 15.86, 17.41, 29.63, 13.17, 13.17, 13.17, 20.37, 17.41, 13.17, 4.84, 13.17, 19.21, 6.23, 31.82, 13.17, 12.52, 6.23, 11.19, 29.63, 19.21, 3.29, 0.0, 17.41, 17.41, 8.48, 17.41, 8.48, 8.29, 17.41, 10.03, 8.48, 19.21, 20.37, 13.17, 15.86, 15.86, 15.01, 13.17, 16.36, 13.17, 6.23, 17.41, 29.63, 17.41, 10.88, 8.48, 20.88, 5.34, 3.99, 10.03, 6.23, 17.41, 6.23, 6.23, 6.23, 29.63, 15.86, 6.23, 13.17, 3.94, 24.54, 29.53, 20.88, 13.17, 29.63, 20.37, 29.63, 6.23, 14.34, 8.48, 19.21, 20.37, 10.03, 6.23, 20.37, 6.23, 13.17, 15.86, 12.52, 6.23, 6.23, 13.17, 29.63, 17.41, 8.48, 3.99, 8.48, 29.63, 6.23, 6.23, 10.03, 31.82, 10.03, 
gen32 highest 1 food touched: 22 Score: 31.82 
14.34, 31.82, 20.37, 13.17, 6.23, 13.17, 19.21, 15.86, 17.41, 29.63, 13.17, 13.17, 13.17, 20.37, 17.41, 13.17, 4.84, 13.17, 19.21, 5.99, 31.82, 13.17, 12.52, 6.23, 11.19, 29.63, 19.21, 15.86, 5.49, 17.41, 17.41, 8.48, 17.41, 8.48, 8.29, 17.41, 10.03, 8.48, 19.21, 20.37, 13.17, 15.86, 15.86, 15.01, 13.17, 16.36, 13.17, 6.23, 17.41, 29.63, 17.41, 10.88, 8.48, 20.88, 5.34, 3.99, 10.03, 6.23, 17.41, 4.0, 6.23, 6.23, 29.63, 15.86, 6.23, 13.17, 3.94, 24.54, 29.53, 20.88, 13.17, 29.63, 20.37, 29.63, 6.23, 14.34, 8.48, 19.21, 20.37, 10.03, 6.23, 20.37, 6.23, 13.17, 15.86, 15.86, 6.23, 6.23, 13.17, 29.63, 17.41, 8.48, 3.99, 8.48, 29.63, 6.23, 6.23, 10.03, 31.82, 19.21, 
gen33 highest 1 food touched: 22 Score: 31.82 
14.34, 31.82, 20.37, 13.17, 6.23, 13.17, 19.21, 15.86, 17.41, 29.63, 13.17, 13.17, 13.17, 20.37, 17.41, 13.17, 4.84, 13.17, 19.21, 5.99, 31.82, 13.17, 12.52, 6.23, 11.19, 29.63, 19.21, 15.86, 5.49, 17.41, 17.41, 8.48, 17.41, 8.48, 8.29, 17.41, 10.03, 8.48, 19.21, 20.37, 13.17, 15.86, 15.86, 15.01, 13.17, 16.36, 13.17, 6.23, 17.41, 29.63, 17.41, 10.88, 8.68, 20.88, 5.34, 3.99, 10.03, 6.23, 17.41, 13.17, 6.23, 6.23, 29.63, 15.86, 6.23, 13.17, 3.94, 24.54, 29.53, 20.88, 13.17, 29.63, 16.46, 29.63, 6.23, 14.34, 8.48, 19.21, 20.37, 10.03, 6.23, 20.37, 6.23, 13.17, 15.86, 19.21, 6.23, 6.23, 13.17, 29.63, 17.41, 8.48, 3.99, 8.48, 29.63, 6.23, 6.23, 10.03, 31.82, 10.03, 
gen34 highest 1 food touched: 22 Score: 31.82 
14.34, 31.82, 20.37, 13.17, 6.23, 13.17, 19.21, 15.86, 17.41, 29.63, 13.17, 13.17, 13.17, 20.37, 17.41, 13.17, 6.03, 13.17, 19.21, 5.99, 31.82, 13.17, 12.52, 6.23, 11.19, 29.63, 10.03, 15.86, 10.03, 17.41, 17.41, 8.48, 17.41, 8.48, 8.29, 17.41, 10.03, 8.48, 19.21, 20.37, 13.17, 15.86, 15.86, 15.01, 13.17, 16.36, 13.17, 6.23, 17.41, 29.63, 17.41, 10.88, 8.68, 20.88, 5.34, 3.99, 15.16, 6.23, 17.41, 13.17, 6.23, 6.23, 29.63, 15.86, 6.23, 13.17, 3.94, 24.54, 29.53, 20.88, 13.17, 29.63, 16.46, 29.63, 6.23, 14.34, 8.48, 19.21, 20.37, 10.03, 6.23, 20.37, 6.23, 13.17, 15.86, 19.21, 6.23, 6.23, 13.17, 29.63, 17.41, 8.48, 3.99, 8.48, 29.63, 6.23, 6.23, 10.03, 31.82, 10.03, 
gen35 highest 1 food touched: 22 Score: 31.82 
14.34, 31.82, 20.37, 13.17, 6.23, 13.17, 19.21, 15.86, 17.41, 29.63, 13.17, 13.17, 13.17, 20.37, 17.41, 13.17, 5.34, 13.17, 19.21, 5.99, 31.82, 13.17, 12.52, 6.23, 11.19, 29.63, 10.03, 15.86, 10.03, 17.41, 17.41, 8.48, 17.41, 8.48, 8.29, 17.41, 10.03, 8.48, 19.21, 20.37, 13.17, 15.86, 15.86, 15.01, 13.17, 16.36, 13.17, 6.23, 17.41, 29.63, 17.41, 10.88, 8.68, 20.88, 5.34, 3.99, 16.36, 6.23, 17.41, 13.17, 6.23, 6.23, 29.63, 15.86, 6.23, 13.17, 3.94, 24.54, 29.53, 20.88, 13.17, 29.63, 16.46, 29.63, 6.23, 14.34, 8.48, 10.03, 20.37, 10.03, 6.23, 20.37, 6.23, 13.17, 15.86, 10.03, 6.23, 6.23, 13.17, 29.63, 17.41, 8.48, 3.99, 8.48, 29.63, 6.23, 6.23, 10.03, 31.82, 10.03, 
gen36 highest 1 food touched: 22 Score: 31.82 
14.34, 31.82, 20.37, 13.17, 6.23, 13.17, 19.21, 15.86, 13.17, 29.63, 13.17, 13.17, 13.17, 20.37, 17.41, 13.17, 19.21, 13.17, 19.21, 5.99, 31.82, 13.17, 12.52, 6.23, 11.19, 29.63, 29.63, 15.86, 5.14, 17.41, 17.41, 8.48, 17.41, 8.48, 8.29, 17.41, 11.89, 8.48, 10.03, 20.37, 13.17, 15.86, 15.86, 15.01, 13.17, 16.36, 13.17, 6.23, 17.41, 29.63, 17.41, 10.88, 5.34, 20.88, 5.34, 3.99, 16.36, 6.23, 17.41, 13.17, 6.23, 6.23, 29.63, 15.86, 6.23, 13.17, 3.94, 24.54, 29.53, 20.88, 13.17, 29.63, 16.46, 29.63, 6.23, 14.34, 8.48, 10.03, 20.37, 19.21, 6.23, 20.37, 6.23, 13.17, 15.86, 17.41, 6.23, 6.23, 13.17, 29.63, 17.41, 8.48, 3.99, 8.48, 29.63, 6.23, 6.23, 10.03, 31.82, 19.21, 
gen37 highest 1 food touched: 22 Score: 31.82 
14.34, 31.82, 20.37, 13.17, 6.23, 13.17, 19.21, 15.86, 13.17, 29.63, 13.17, 13.17, 13.17, 20.37, 17.41, 13.17, 10.03, 13.17, 19.21, 5.99, 31.82, 13.17, 12.52, 6.23, 11.19, 29.63, 29.63, 15.86, 5.14, 17.41, 17.41, 8.48, 17.41, 8.48, 8.29, 17.41, 16.36, 8.48, 19.21, 20.37, 13.17, 15.86, 15.86, 15.01, 13.17, 16.36, 13.17, 6.23, 17.41, 29.63, 17.41, 10.88, 5.34, 20.88, 5.34, 3.99, 16.36, 6.23, 17.41, 13.17, 6.23, 6.23, 29.63, 15.86, 6.23, 13.17, 3.94, 24.54, 29.53, 20.88, 13.17, 29.63, 16.46, 29.63, 6.23, 14.34, 8.48, 10.03, 20.37, 12.52, 6.23, 20.37, 6.23, 13.17, 15.86, 17.41, 6.23, 6.23, 13.17, 29.63, 17.41, 8.48, 3.99, 8.48, 29.63, 6.23, 6.23, 10.03, 31.82, 19.21, 
gen38 highest 1 food touched: 22 Score: 31.82 
14.34, 31.82, 20.37, 13.17, 6.23, 13.17, 19.21, 15.86, 13.17, 29.63, 13.17, 13.17, 13.17, 20.37, 17.41, 13.17, 17.41, 13.17, 19.21, 5.99, 31.82, 13.17, 12.52, 6.23, 11.19, 29.63, 29.63, 15.86, 17.41, 17.41, 17.41, 8.48, 17.41, 8.48, 8.29, 17.41, 16.36, 8.48, 19.21, 20.37, 13.17, 15.86, 15.86, 15.01, 13.17, 16.36, 13.17, 6.23, 17.41, 29.63, 17.41, 10.88, 5.34, 20.88, 5.34, 3.99, 16.36, 6.23, 17.41, 13.17, 6.23, 6.23, 29.63, 15.86, 6.23, 13.17, 3.94, 24.54, 29.53, 20.88, 13.17, 29.63, 16.46, 29.63, 6.23, 14.34, 8.48, 10.03, 20.37, 12.52, 6.23, 20.37, 6.23, 13.17, 15.86, 17.41, 6.23, 6.23, 13.17, 29.63, 17.41, 8.48, 3.99, 8.48, 29.63, 6.23, 6.23, 19.21, 31.82, 19.21, 
gen39 highest 1 food touched: 22 Score: 31.82 
14.34, 31.82, 20.37, 13.17, 6.23, 13.17, 19.21, 15.86, 13.17, 29.63, 13.17, 13.17, 13.17, 20.37, 17.41, 13.17, 17.41, 13.17, 20.37, 5.99, 31.82, 13.17, 12.52, 6.23, 11.19, 29.63, 29.63, 15.86, 17.41, 17.41, 17.41, 8.48, 17.41, 8.48, 8.29, 17.41, 16.36, 8.48, 19.21, 20.37, 13.17, 15.86, 15.86, 15.01, 13.17, 16.36, 13.17, 6.23, 17.41, 29.63, 17.41, 10.88, 5.34, 20.88, 5.34, 3.99, 16.36, 6.23, 17.41, 13.17, 6.23, 6.23, 29.63, 15.86, 6.23, 13.17, 3.94, 24.54, 29.53, 20.88, 13.17, 29.63, 16.46, 29.63, 6.23, 14.34, 8.48, 10.03, 20.37, 12.52, 6.23, 20.37, 6.23, 13.17, 15.86, 17.41, 6.23, 6.23, 13.17, 29.63, 17.41, 8.48, 3.99, 8.48, 29.63, 6.23, 6.23, 19.21, 31.82, 19.21, 
gen40 highest 1 food touched: 22 Score: 31.82 
14.34, 31.82, 20.37, 13.17, 6.23, 13.17, 10.03, 15.86, 13.17, 29.63, 13.17, 13.17, 13.17, 20.37, 17.41, 13.17, 17.41, 13.17, 20.37, 5.99, 31.82, 13.17, 12.52, 6.23, 11.19, 29.63, 29.63, 15.86, 17.41, 17.41, 17.41, 8.48, 17.41, 8.48, 8.29, 17.41, 16.36, 8.48, 19.21, 20.37, 13.17, 15.86, 15.86, 15.01, 13.17, 16.36, 13.17, 6.23, 17.41, 29.63, 17.41, 10.88, 5.34, 20.88, 5.34, 3.99, 16.36, 6.23, 17.41, 13.17, 6.23, 6.23, 29.63, 15.86, 6.23, 13.17, 3.94, 24.54, 29.53, 20.88, 13.17, 29.63, 16.46, 29.63, 6.23, 14.34, 8.48, 10.03, 20.37, 12.52, 6.23, 20.37, 6.23, 13.17, 15.86, 17.41, 6.23, 6.23, 13.17, 29.63, 17.41, 8.48, 3.99, 8.48, 29.63, 6.23, 6.23, 19.21, 31.82, 19.21, 
gen41 highest 1 food touched: 22 Score: 31.82 
14.34, 31.82, 20.37, 13.17, 6.23, 13.17, 9.65, 15.86, 13.17, 29.63, 13.17, 13.17, 13.17, 20.37, 17.41, 13.17, 17.41, 13.17, 20.37, 5.99, 31.82, 13.17, 12.52, 6.23, 9.78, 29.63, 29.63, 15.86, 17.41, 17.41, 17.41, 8.48, 17.41, 8.48, 8.29, 17.41, 16.36, 8.48, 15.46, 20.37, 13.17, 15.86, 15.86, 15.01, 13.17, 16.36, 13.17, 6.23, 17.41, 29.63, 17.41, 10.88, 5.34, 20.88, 5.34, 3.99, 16.36, 6.23, 17.41, 13.17, 6.23, 6.23, 29.63, 15.86, 6.23, 13.17, 3.94, 24.54, 29.53, 20.88, 13.17, 29.63, 16.46, 29.63, 6.23, 14.34, 8.48, 10.03, 20.37, 12.52, 6.23, 20.37, 6.23, 13.17, 15.86, 17.41, 6.23, 6.23, 13.17, 29.63, 17.41, 8.48, 3.99, 8.48, 29.63, 6.23, 6.23, 19.21, 31.82, 19.21, 
gen42 highest 1 food touched: 22 Score: 31.82 
14.34, 31.82, 20.37, 13.17, 6.23, 13.17, 9.65, 15.86, 13.17, 29.63, 13.17, 13.17, 13.17, 20.37, 17.41, 13.17, 17.41, 13.17, 20.37, 5.99, 31.82, 13.17, 12.52, 6.23, 9.78, 29.63, 29.63, 15.86, 17.41, 17.41, 17.41, 8.48, 17.41, 8.48, 8.29, 17.41, 16.36, 8.48, 29.63, 20.37, 13.17, 15.86, 15.86, 15.01, 13.17, 16.36, 13.17, 6.23, 17.41, 29.63, 17.41, 10.88, 5.34, 20.88, 5.34, 3.99, 16.36, 6.23, 17.41, 13.17, 6.23, 6.23, 29.63, 15.86, 6.23, 13.17, 3.94, 24.54, 29.53, 20.88, 13.17, 29.63, 16.46, 29.63, 6.23, 14.34, 8.48, 10.03, 20.37, 12.52, 6.23, 20.37, 6.23, 13.17, 15.86, 17.41, 6.23, 6.23, 13.17, 29.63, 17.41, 8.48, 3.99, 8.48, 29.63, 6.23, 6.23, 19.21, 31.82, 19.21, 
gen43 highest 1 food touched: 22 Score: 31.82 
14.34, 31.82, 20.37, 13.17, 6.23, 13.17, 9.65, 15.86, 13.17, 29.63, 13.17, 13.17, 13.17, 20.37, 17.41, 13.17, 17.41, 13.17, 20.37, 5.99, 31.82, 13.17, 12.52, 6.23, 9.78, 29.63, 29.63, 15.86, 17.41, 17.41, 17.41, 8.48, 17.41, 8.48, 8.29, 17.41, 16.36, 8.48, 29.63, 20.37, 13.17, 15.86, 15.86, 15.01, 13.17, 16.36, 13.17, 6.23, 17.41, 29.63, 17.41, 10.88, 5.34, 20.88, 5.34, 3.99, 16.36, 6.23, 17.41, 13.17, 6.23, 6.23, 29.63, 15.86, 6.23, 13.17, 3.94, 24.54, 29.53, 20.88, 13.17, 29.63, 16.46, 29.63, 6.23, 14.34, 8.48, 10.03, 20.37, 18.79, 6.23, 20.37, 6.23, 13.17, 15.86, 15.86, 6.23, 6.23, 13.17, 29.63, 17.41, 8.48, 3.99, 8.48, 29.63, 6.23, 6.23, 19.21, 31.82, 19.21, 
gen44 highest 1 food touched: 22 Score: 31.82 
14.34, 31.82, 20.37, 13.17, 6.23, 13.17, 9.65, 15.86, 13.17, 29.63, 13.17, 13.17, 13.17, 20.37, 17.41, 13.17, 17.41, 13.17, 20.37, 5.99, 31.82, 13.17, 12.52, 6.23, 9.78, 29.63, 29.63, 15.86, 17.41, 17.41, 17.41, 8.48, 17.41, 8.48, 8.29, 17.41, 16.36, 8.48, 29.63, 20.37, 13.17, 15.86, 15.86, 15.01, 13.17, 16.36, 13.17, 6.23, 17.41, 29.63, 17.41, 10.88, 5.34, 20.88, 5.34, 3.99, 16.36, 6.23, 17.41, 13.17, 6.23, 6.23, 29.63, 15.86, 6.23, 13.17, 3.94, 24.54, 29.53, 20.88, 13.17, 29.63, 16.46, 29.63, 6.23, 14.34, 8.48, 10.03, 20.37, 18.79, 6.23, 20.37, 6.23, 13.17, 15.86, 15.86, 6.23, 6.23, 13.17, 29.63, 17.41, 8.48, 3.99, 8.48, 29.63, 6.23, 6.23, 19.21, 31.82, 19.21, 
gen45 highest 1 food touched: 22 Score: 31.82 
14.34, 31.82, 20.37, 13.17, 6.23, 13.17, 9.65, 15.86, 13.17, 29.63, 13.17, 13.17, 13.17, 20.37, 17.41, 13.17, 17.41, 13.17, 20.37, 5.99, 31.82, 13.17, 12.52, 6.23, 9.78, 29.63, 29.63, 15.86, 17.41, 17.41, 17.41, 8.48, 17.41, 8.48, 8.29, 17.41, 16.36, 8.48, 29.63, 20.37, 13.17, 15.86, 15.86, 15.01, 13.17, 16.36, 13.17, 6.23, 17.41, 29.63, 17.41, 10.88, 5.34, 20.88, 5.34, 3.99, 10.03, 6.23, 17.41, 13.17, 6.23, 6.23, 29.63, 15.86, 6.23, 13.17, 3.94, 24.54, 29.53, 20.88, 13.17, 29.63, 16.46, 29.63, 6.23, 14.34, 8.48, 5.14, 20.37, 18.79, 6.23, 20.37, 6.23, 13.17, 15.86, 15.86, 6.23, 6.23, 13.17, 29.63, 17.41, 8.48, 3.99, 8.48, 29.63, 6.23, 6.23, 19.21, 31.82, 19.21, 
gen46 highest 1 food touched: 22 Score: 31.82 
14.34, 31.82, 20.37, 13.17, 6.23, 13.17, 9.65, 15.86, 13.17, 29.63, 13.17, 13.17, 13.17, 20.37, 17.41, 13.17, 17.41, 13.17, 20.37, 5.99, 31.82, 13.17, 12.52, 6.23, 9.78, 29.63, 29.63, 15.86, 17.41, 17.41, 17.41, 8.48, 17.41, 8.48, 8.29, 17.41, 16.36, 8.48, 29.63, 20.37, 13.17, 15.86, 15.86, 15.01, 13.17, 10.03, 13.17, 6.23, 17.41, 29.63, 17.41, 10.88, 5.34, 20.88, 5.34, 3.99, 10.03, 6.23, 17.41, 13.17, 6.23, 6.23, 29.63, 15.86, 6.23, 13.17, 3.94, 24.54, 29.53, 20.88, 13.17, 29.63, 16.46, 29.63, 6.23, 14.34, 8.48, 7.14, 20.37, 18.79, 6.23, 20.37, 6.23, 13.17, 15.86, 15.86, 6.23, 6.23, 13.17, 29.63, 17.41, 8.48, 3.99, 8.48, 29.63, 6.23, 6.23, 19.21, 31.82, 19.21, 
gen47 highest 1 food touched: 22 Score: 31.82 
14.34, 31.82, 20.37, 13.17, 6.23, 13.17, 9.65, 15.86, 13.17, 29.63, 13.17, 13.17, 13.17, 20.37, 17.41, 13.17, 17.41, 13.17, 20.37, 5.99, 31.82, 13.17, 12.52, 6.23, 9.78, 29.63, 29.63, 15.86, 17.41, 17.41, 17.41, 8.48, 17.41, 8.48, 8.29, 17.41, 16.36, 8.48, 29.63, 20.37, 13.17, 15.86, 15.86, 15.01, 13.17, 15.16, 13.17, 6.23, 17.41, 29.63, 17.41, 10.88, 5.34, 20.88, 5.34, 3.99, 10.03, 6.23, 17.41, 13.17, 6.23, 6.23, 29.63, 15.86, 6.23, 13.17, 3.94, 24.54, 29.53, 20.88, 13.17, 29.63, 16.46, 29.63, 6.23, 14.34, 8.48, 7.14, 20.37, 18.79, 6.23, 20.37, 6.23, 13.17, 15.86, 15.86, 6.23, 6.23, 13.17, 29.63, 17.41, 8.48, 3.99, 8.48, 29.63, 6.23, 6.23, 19.21, 31.82, 19.21, 
gen48 highest 1 food touched: 22 Score: 31.82 
14.34, 31.82, 20.37, 13.17, 14.13, 13.17, 9.65, 15.86, 13.17, 29.63, 13.17, 13.17, 13.17, 20.37, 17.41, 13.17, 17.41, 13.17, 20.37, 5.99, 31.82, 13.17, 12.52, 6.23, 9.78, 29.63, 29.63, 15.86, 17.41, 17.41, 17.41, 8.48, 17.41, 8.48, 8.29, 17.41, 16.36, 8.48, 29.63, 20.37, 13.17, 15.86, 15.86, 15.01, 13.17, 16.36, 13.17, 6.23, 17.41, 29.63, 17.41, 10.88, 5.34, 20.88, 5.34, 3.99, 15.16, 6.23, 17.41, 13.17, 6.23, 6.23, 29.63, 15.86, 6.23, 13.17, 3.94, 24.54, 29.53, 20.88, 13.17, 29.63, 16.46, 29.63, 6.23, 14.34, 8.48, 10.18, 20.37, 18.79, 6.23, 20.37, 6.23, 13.17, 15.86, 15.86, 6.23, 6.23, 13.17, 29.63, 17.41, 8.48, 3.99, 8.48, 29.63, 6.23, 6.23, 19.21, 31.82, 19.21, 
gen49 highest 1 food touched: 22 Score: 31.82 
14.34, 31.82, 20.37, 13.17, 14.13, 13.17, 29.63, 15.86, 13.17, 29.63, 13.17, 13.17, 13.17, 20.37, 17.41, 13.17, 17.41, 13.17, 20.37, 15.16, 31.82, 13.17, 12.52, 6.23, 9.78, 29.63, 29.63, 15.86, 17.41, 17.41, 17.41, 8.48, 17.41, 8.48, 8.29, 17.41, 16.36, 8.48, 29.63, 20.37, 13.17, 15.86, 15.86, 15.01, 13.17, 16.36, 13.17, 6.23, 17.41, 29.63, 17.41, 10.88, 17.71, 20.88, 5.34, 3.99, 16.36, 6.23, 17.41, 13.17, 6.23, 6.23, 29.63, 15.86, 6.23, 13.17, 3.94, 24.54, 29.53, 20.88, 13.17, 29.63, 16.46, 29.63, 6.23, 14.34, 8.48, 19.21, 20.37, 18.79, 6.23, 20.37, 6.23, 13.17, 15.86, 15.86, 6.23, 6.23, 13.17, 29.63, 17.41, 8.48, 3.99, 8.48, 29.63, 6.23, 6.23, 10.03, 31.82, 19.21, 
gen50 highest 1 food touched: 22 Score: 31.82 

 Attempt done; max fit 31.82
Attempt Start 
9.05, 23.7, 5.6, 0, 0, 0, 0.3, 5.1, 0, 0.3, 0, 0, 4.55, 0, 0.3, 4.9, 0.8, 2.05, 0, 2.15, 0, 0, 2.8, 0, 0, 0, 0, 2.1, 4.7, 0, 0.75, 1.2, 0, 5.6, 0, 1.05, 0, 5.6, 7.05, 0, 0, 0, 2.8, 2.3, 0, 1.75, 0, 0, 3.05, 2.8, 4.05, 0.3, 0.05, 0, 3.55, 0.3, 0, 0, 0, 0.55, 1.05, 10.35, 0.3, 0, 1.05, 10.65, 0, 0.8, 0, 0, 2.15, 0.85, 5.15, 4.4, 2.1, 0.3, 0, 0, 2.2, 4.75, 0, 0, 2.15, 0, 0, 4.55, 3.4, 1.35, 2.6, 1.65, 3.55, 0.55, 5.6, 9.45, 0, 5.35, 0, 1.05, 0.55, 0, 
gen0 highest 1 food touched: 20 Score: 23.7 
13.55, 23.7, 5.6, 0.0, 0.0, 0.0, 0.3, 5.1, 0.0, 0.3, 8.7, 3.8, 2.8, 0.0, 0.3, 5.95, 3.55, 5.2, 0.0, 2.15, 0.55, 0.0, 2.8, 0.0, 0.3, 0.0, 0.3, 7.3, 4.7, 0.0, 8.1, 0.8, 3.8, 5.6, 6.95, 1.05, 0.0, 5.6, 7.05, 0.0, 0.0, 0.0, 2.8, 2.3, 0.0, 1.75, 0.0, 0.0, 4.55, 2.8, 7.55, 4.3, 0.3, 0.0, 11.35, 0.3, 0.0, 0.0, 0.0, 0.55, 7.35, 10.35, 0.3, 0.0, 1.05, 8.1, 0.0, 2.05, 0.0, 0.0, 6.1, 0.85, 5.15, 4.4, 2.1, 3.8, 1.05, 0.0, 2.05, 5.1, 0.0, 0.0, 1.8, 0.0, 0.0, 4.55, 3.4, 1.35, 2.6, 1.65, 3.55, 0.55, 5.6, 23.1, 0.0, 5.35, 0.0, 1.05, 0.6, 0.0, 
gen1 highest 1 food touched: 20 Score: 23.7 
13.55, 23.7, 5.6, 4.55, 3.05, 8.9, 4.55, 5.1, 0.3, 2.6, 8.7, 7.35, 6.1, 0.8, 0.3, 5.5, 2.05, 14.25, 0.3, 2.15, 0.3, 0.0, 2.8, 0.0, 14.25, 4.15, 0.3, 5.5, 4.7, 0.55, 8.1, 0.8, 3.8, 5.6, 4.55, 1.05, 7.1, 3.55, 7.05, 0.0, 1.55, 5.35, 2.8, 2.9, 2.05, 1.75, 1.05, 14.25, 4.55, 2.6, 7.55, 2.9, 0.3, 3.8, 14.25, 1.1, 0.0, 0.0, 0.0, 0.55, 7.35, 10.35, 0.8, 0.0, 7.5, 8.1, 3.05, 4.55, 0.05, 0.0, 6.1, 7.6, 5.15, 4.4, 2.1, 3.8, 9.5, 0.0, 2.05, 4.55, 0.05, 1.8, 9.8, 0.0, 0.3, 4.55, 3.4, 1.35, 2.6, 1.65, 5.0, 4.55, 5.6, 13.55, 4.9, 5.35, 1.55, 1.05, 13.55, 11.35, 
gen2 highest 1 food touched: 20 Score: 23.7 
13.55, 23.7, 4.55, 4.55, 3.05, 8.9, 4.55, 5.1, 0.3, 2.6, 8.7, 7.35, 6.1, 14.8, 4.55, 5.5, 2.05, 14.25, 0.3, 2.15, 1.1, 0.3, 2.8, 0.0, 14.25, 4.15, 6.55, 5.5, 4.7, 4.55, 8.1, 0.8, 3.8, 5.6, 4.55, 3.3, 3.65, 2.05, 4.05, 0.0, 9.8, 5.35, 14.25, 4.55, 4.55, 1.05, 1.05, 14.25, 4.55, 7.3, 7.55, 4.55, 0.3, 3.8, 14.25, 3.3, 0.0, 0.35, 0.0, 4.55, 7.35, 10.35, 0.8, 0.0, 7.5, 4.55, 3.1, 6.15, 0.05, 0.8, 7.3, 7.6, 5.15, 4.4, 1.8, 3.8, 11.35, 1.05, 6.65, 2.6, 0.8, 4.55, 9.8, 0.05, 4.55, 4.55, 3.4, 3.7, 2.6, 5.55, 5.0, 6.15, 5.6, 13.55, 5.5, 14.25, 5.4, 1.05, 13.55, 9.8, 
gen3 highest 1 food touched: 20 Score: 23.7 
13.55, 23.7, 4.55, 4.55, 3.05, 8.9, 4.55, 14.25, 0.3, 2.6, 6.1, 12.9, 6.1, 14.8, 4.55, 4.55, 6.45, 14.25, 0.3, 1.3, 1.1, 4.65, 2.8, 6.15, 14.25, 4.15, 7.3, 5.5, 4.7, 4.55, 8.1, 0.8, 3.8, 3.05, 4.55, 3.3, 3.65, 14.25, 4.05, 4.55, 9.8, 5.35, 14.25, 4.55, 2.85, 1.05, 4.55, 14.25, 4.55, 6.15, 7.55, 4.55, 0.3, 6.15, 14.25, 3.3, 0.0, 4.55, 0.05, 4.55, 4.05, 5.5, 6.15, 0.0, 7.5, 4.55, 2.9, 6.15, 0.05, 11.05, 4.55, 14.25, 5.15, 9.8, 4.9, 3.8, 9.8, 2.6, 5.7, 4.55, 0.8, 2.9, 9.8, 3.05, 4.55, 14.25, 3.4, 13.55, 2.6, 14.25, 5.0, 6.15, 11.35, 13.55, 4.55, 14.25, 6.15, 1.05, 7.8, 9.8, 
gen4 highest 1 food touched: 20 Score: 23.7 
13.55, 23.7, 4.55, 6.15, 3.05, 8.9, 4.55, 14.25, 9.8, 4.55, 6.1, 12.9, 6.1, 14.25, 4.55, 4.55, 6.45, 14.25, 0.3, 1.3, 6.15, 4.65, 2.8, 7.3, 14.25, 5.5, 7.3, 5.5, 6.65, 4.55, 8.1, 1.3, 3.8, 3.05, 4.55, 3.3, 3.05, 14.25, 4.05, 6.15, 9.8, 4.55, 14.25, 4.55, 2.85, 1.05, 6.15, 24.65, 4.55, 6.15, 7.55, 4.55, 0.3, 6.15, 14.25, 3.3, 0.0, 6.15, 0.05, 4.55, 4.05, 7.3, 7.3, 3.3, 14.25, 4.55, 2.9, 4.55, 0.05, 11.05, 6.15, 14.25, 3.05, 9.8, 4.55, 3.8, 9.8, 2.6, 5.7, 6.15, 1.05, 4.55, 9.8, 6.15, 4.55, 13.55, 3.4, 13.55, 2.15, 14.25, 5.0, 7.3, 11.35, 13.55, 4.55, 14.25, 6.15, 1.05, 7.8, 9.8, 
gen5 highest 47 food touched: 16 Score: 24.65 
14.74, 22.3, 4.22, 6.02, 2.96, 7.6, 4.22, 14.37, 9.14, 6.02, 5.92, 12.2, 23.09, 14.37, 4.22, 4.22, 8.61, 14.37, 2.96, 1.32, 6.02, 4.42, 2.75, 6.02, 14.37, 5.25, 8.31, 5.25, 6.27, 4.22, 7.6, 1.32, 3.59, 6.02, 6.02, 3.17, 2.96, 14.37, 4.22, 6.02, 9.14, 6.02, 14.37, 4.22, 8.31, 0.73, 6.02, 23.09, 4.22, 6.02, 7.08, 6.02, 4.22, 6.02, 8.31, 3.17, 8.31, 6.02, 0.1, 6.02, 3.8, 4.22, 6.02, 4.02, 14.37, 4.22, 2.95, 6.02, 0.1, 10.53, 6.02, 8.31, 4.22, 9.14, 4.22, 3.59, 9.14, 4.22, 4.02, 4.22, 1.28, 4.22, 8.31, 8.31, 6.02, 14.74, 2.33, 14.74, 2.47, 8.31, 5.0, 6.02, 12.83, 14.74, 4.22, 8.08, 6.02, 0.94, 8.31, 8.31, 
gen6 highest 12 food touched: 16 Score: 23.09 
15.4, 20.96, 3.92, 5.84, 7.96, 7.13, 3.92, 8.6, 8.6, 5.84, 5.71, 11.53, 21.67, 14.2, 3.92, 3.92, 5.84, 8.6, 5.84, 1.31, 5.84, 4.51, 2.33, 5.84, 8.6, 8.6, 8.6, 8.6, 5.9, 3.92, 3.92, 1.31, 3.39, 8.6, 5.84, 3.03, 5.84, 13.94, 3.92, 8.6, 8.55, 8.6, 8.6, 3.92, 8.6, 13.94, 8.6, 21.67, 3.92, 5.84, 6.65, 8.6, 3.92, 5.84, 8.6, 3.03, 8.6, 5.84, 0.13, 8.6, 3.92, 3.92, 8.6, 4.51, 8.6, 3.92, 2.94, 8.6, 4.72, 10.03, 8.6, 8.6, 3.92, 8.6, 3.92, 3.39, 8.6, 5.84, 4.51, 3.92, 1.43, 3.92, 8.6, 8.6, 8.6, 15.4, 2.32, 15.4, 2.33, 8.6, 8.6, 8.6, 8.55, 15.4, 3.92, 8.6, 5.84, 3.03, 8.6, 8.6, 
gen7 highest 12 food touched: 16 Score: 21.67 
15.65, 19.69, 3.66, 8.72, 8.59, 3.66, 3.66, 8.72, 8.72, 8.72, 5.48, 10.9, 20.37, 8.72, 3.66, 3.66, 8.72, 8.72, 8.72, 1.29, 8.72, 4.82, 2.19, 8.72, 8.72, 8.72, 8.72, 13.29, 5.54, 3.66, 3.66, 1.29, 4.82, 13.29, 8.72, 2.89, 8.72, 13.29, 3.66, 13.29, 8.72, 8.72, 8.72, 3.66, 8.72, 13.29, 8.72, 20.37, 3.66, 8.72, 6.25, 8.72, 3.66, 5.62, 8.72, 4.82, 8.72, 8.72, 0.14, 8.72, 3.66, 3.66, 8.72, 4.82, 8.72, 3.66, 3.66, 8.72, 4.4, 9.54, 8.59, 8.72, 3.66, 13.29, 3.66, 3.2, 13.29, 8.72, 8.59, 5.62, 1.52, 3.66, 8.72, 8.72, 13.29, 15.65, 2.28, 15.65, 2.19, 8.72, 8.72, 8.72, 8.72, 15.65, 3.66, 13.29, 8.59, 8.59, 8.72, 13.29, 
gen8 highest 12 food touched: 16 Score: 20.37 
15.62, 18.5, 3.42, 12.67, 8.87, 3.42, 3.42, 8.72, 8.72, 8.72, 5.25, 10.3, 19.19, 8.72, 3.42, 3.42, 8.72, 8.72, 8.72, 1.25, 8.87, 5.0, 2.06, 8.72, 12.67, 8.72, 8.72, 15.62, 5.21, 3.42, 3.42, 1.25, 5.0, 12.67, 8.72, 2.76, 8.72, 12.67, 3.42, 12.67, 8.72, 8.72, 8.72, 3.42, 8.72, 8.87, 8.72, 19.19, 3.42, 12.67, 5.89, 8.72, 3.42, 5.39, 8.72, 5.0, 8.72, 12.67, 2.62, 8.72, 3.42, 3.42, 12.67, 5.0, 8.72, 3.42, 3.42, 12.67, 4.1, 9.09, 8.87, 12.67, 3.42, 15.62, 3.42, 1.78, 12.67, 8.72, 8.87, 8.72, 1.57, 3.42, 8.72, 8.72, 12.67, 8.72, 2.23, 8.72, 2.06, 8.72, 8.72, 8.72, 12.67, 8.72, 3.42, 12.67, 8.87, 8.87, 12.67, 15.62, 
gen9 highest 12 food touched: 16 Score: 19.19 
8.63, 17.38, 3.2, 15.37, 8.91, 3.2, 3.2, 8.63, 12.09, 8.63, 18.11, 9.74, 18.11, 8.63, 3.2, 3.2, 12.09, 12.09, 8.91, 1.67, 8.91, 5.07, 8.63, 8.63, 15.37, 12.09, 8.63, 8.63, 4.89, 3.2, 3.2, 1.21, 5.07, 12.09, 12.09, 5.07, 12.09, 12.09, 3.2, 15.37, 8.63, 8.63, 8.91, 3.2, 8.63, 8.91, 8.63, 18.11, 3.2, 12.09, 5.57, 8.63, 3.2, 5.07, 8.63, 5.07, 12.09, 12.09, 2.51, 8.63, 3.2, 3.2, 15.37, 5.07, 8.63, 3.2, 3.2, 12.09, 5.15, 8.66, 8.91, 15.37, 3.2, 8.63, 3.2, 1.67, 15.37, 12.09, 8.91, 8.91, 12.09, 3.2, 12.09, 12.09, 12.09, 12.09, 2.16, 12.09, 8.63, 8.63, 8.91, 12.09, 12.09, 8.91, 3.2, 12.09, 8.91, 12.09, 12.09, 8.63, 
gen10 highest 10 food touched: 16 Score: 18.11 
8.48, 16.34, 3.0, 8.48, 8.77, 3.0, 3.0, 11.55, 11.55, 8.48, 17.14, 9.22, 17.14, 11.55, 3.0, 3.0, 11.55, 11.55, 14.98, 1.56, 8.77, 5.08, 8.48, 11.55, 8.48, 11.55, 11.55, 8.77, 4.59, 3.0, 3.0, 1.56, 5.08, 14.98, 11.55, 5.08, 11.55, 11.55, 3.0, 8.48, 11.55, 8.77, 8.77, 3.0, 11.55, 8.77, 8.77, 17.14, 3.0, 11.55, 5.27, 8.77, 3.0, 5.08, 8.48, 5.08, 14.98, 14.98, 2.39, 8.48, 3.0, 3.0, 8.48, 5.08, 11.55, 3.0, 3.0, 11.55, 8.48, 8.25, 8.77, 8.48, 3.0, 11.55, 3.0, 1.56, 8.48, 14.98, 8.77, 6.75, 8.77, 3.0, 11.55, 14.98, 11.55, 11.55, 2.08, 11.55, 8.48, 8.48, 17.14, 14.98, 14.98, 17.14, 3.0, 11.55, 8.77, 11.55, 11.55, 11.55, 
gen11 highest 10 food touched: 16 Score: 17.14 
8.5, 15.38, 2.83, 11.04, 8.5, 2.83, 2.83, 14.49, 14.49, 11.04, 8.28, 8.74, 8.28, 14.49, 2.83, 2.83, 11.04, 14.49, 8.28, 1.47, 16.26, 5.03, 8.28, 11.04, 8.28, 14.49, 14.49, 14.49, 4.31, 2.83, 2.83, 1.47, 5.03, 14.49, 14.49, 5.03, 14.49, 11.04, 2.83, 8.5, 14.49, 14.49, 14.49, 2.83, 14.49, 8.5, 14.49, 8.28, 2.83, 14.49, 5.0, 14.49, 2.83, 5.03, 11.04, 5.03, 8.28, 8.28, 2.28, 11.04, 2.83, 2.83, 8.28, 5.03, 14.49, 2.83, 2.83, 14.49, 8.28, 7.88, 14.49, 11.04, 2.83, 14.49, 2.83, 1.47, 11.04, 8.28, 8.5, 8.28, 8.5, 2.83, 14.49, 8.28, 14.49, 14.49, 2.0, 14.49, 11.04, 8.28, 8.28, 8.28, 8.28, 8.28, 2.83, 14.49, 5.03, 11.04, 14.49, 14.49, 
gen12 highest 20 food touched: 16 Score: 16.26 
13.95, 8.07, 2.67, 13.95, 8.14, 2.67, 2.67, 8.07, 8.07, 13.95, 8.07, 8.3, 8.07, 8.07, 2.67, 2.67, 13.95, 8.07, 10.57, 1.38, 8.07, 4.95, 8.14, 13.95, 8.07, 8.07, 8.07, 13.95, 4.06, 2.67, 2.67, 3.1, 4.95, 8.07, 8.07, 4.95, 8.07, 10.57, 2.67, 13.95, 8.07, 8.07, 13.95, 2.67, 8.07, 8.14, 8.07, 10.57, 2.67, 13.95, 4.75, 8.07, 2.67, 4.95, 13.95, 4.95, 10.57, 8.07, 2.17, 13.95, 2.67, 2.67, 8.07, 4.95, 13.95, 2.67, 2.67, 8.07, 10.57, 7.54, 13.95, 13.95, 2.67, 13.95, 2.67, 2.4, 13.95, 8.07, 8.14, 10.57, 8.14, 2.67, 8.07, 8.07, 13.95, 13.95, 1.92, 8.07, 13.95, 8.07, 8.07, 8.07, 10.57, 8.07, 2.67, 13.95, 4.95, 10.57, 8.07, 8.07, 
gen13 highest 0 food touched: 27 Score: 13.95 
14.53, 8.3, 2.81, 8.3, 8.55, 2.81, 2.81, 8.55, 8.3, 8.3, 11.01, 8.71, 11.01, 8.55, 2.81, 2.81, 14.53, 8.55, 14.53, 1.46, 8.3, 5.06, 16.18, 14.53, 11.01, 8.3, 8.3, 14.53, 4.29, 2.81, 2.81, 3.3, 5.06, 8.55, 11.01, 5.06, 8.3, 11.01, 2.81, 8.3, 8.3, 8.3, 8.3, 2.81, 8.3, 8.55, 8.55, 11.01, 2.81, 8.3, 4.97, 8.3, 2.81, 5.06, 8.3, 5.06, 14.53, 8.3, 2.27, 8.3, 2.81, 3.59, 8.55, 5.06, 8.3, 2.81, 2.81, 8.55, 14.53, 7.85, 8.3, 8.3, 2.81, 8.3, 2.81, 5.06, 14.53, 11.01, 8.55, 14.53, 8.55, 2.81, 8.3, 11.01, 8.3, 8.3, 2.0, 8.55, 8.3, 11.01, 11.01, 11.01, 11.01, 8.55, 2.81, 8.3, 8.55, 11.01, 8.55, 8.3, 
gen14 highest 22 food touched: 16 Score: 16.18 
8.07, 10.54, 2.66, 8.07, 8.17, 2.66, 2.66, 13.96, 10.54, 8.07, 13.96, 8.27, 10.54, 13.96, 2.66, 2.66, 8.07, 15.39, 13.96, 1.37, 8.17, 4.96, 8.07, 13.96, 10.54, 8.17, 10.54, 8.07, 4.04, 2.66, 2.66, 3.08, 4.96, 8.17, 13.96, 4.96, 8.07, 10.54, 2.66, 8.07, 8.07, 10.54, 8.07, 2.66, 8.17, 8.17, 13.96, 10.54, 2.66, 10.54, 4.73, 8.07, 2.66, 4.96, 8.17, 4.96, 8.07, 8.07, 2.16, 8.07, 2.66, 4.96, 13.96, 4.96, 10.54, 2.66, 2.66, 13.96, 8.07, 7.51, 8.07, 10.54, 2.66, 10.54, 2.66, 4.96, 8.07, 10.54, 8.17, 8.07, 8.17, 2.66, 10.54, 13.96, 8.17, 8.17, 1.92, 13.96, 8.07, 13.96, 13.96, 13.96, 13.96, 13.96, 2.66, 8.17, 8.17, 10.54, 13.96, 10.54, 
gen15 highest 17 food touched: 16 Score: 15.39 
10.11, 13.36, 2.52, 10.11, 7.74, 2.52, 2.52, 13.36, 13.36, 10.11, 7.83, 7.86, 13.36, 7.83, 2.52, 2.52, 10.11, 7.83, 7.83, 1.29, 13.36, 4.84, 10.11, 7.83, 13.36, 13.36, 13.36, 7.83, 3.8, 2.52, 2.52, 2.88, 4.84, 13.36, 7.83, 4.84, 7.83, 10.11, 2.52, 10.11, 7.83, 13.36, 10.11, 2.52, 13.36, 7.74, 7.83, 13.36, 2.52, 13.36, 4.51, 7.83, 2.52, 4.84, 13.36, 4.84, 10.11, 10.11, 2.06, 10.11, 2.52, 4.84, 7.83, 4.84, 13.36, 2.52, 2.52, 7.83, 7.74, 7.19, 7.83, 13.36, 2.52, 10.11, 2.52, 4.84, 7.83, 13.36, 7.74, 10.11, 7.74, 2.52, 13.36, 7.83, 13.36, 13.36, 1.83, 7.83, 7.83, 7.83, 7.83, 7.83, 7.83, 7.83, 2.52, 13.36, 7.74, 10.11, 7.83, 13.36, 
gen16 highest 1 food touched: 27 Score: 13.36 
13.96, 8.08, 2.64, 13.96, 8.2, 2.64, 2.64, 8.08, 8.08, 13.96, 10.5, 8.23, 8.08, 8.08, 2.64, 2.64, 13.96, 8.08, 10.5, 1.37, 13.96, 4.98, 13.96, 8.08, 8.08, 8.08, 8.08, 10.5, 4.02, 2.64, 2.64, 3.07, 4.98, 13.96, 10.5, 4.98, 8.08, 10.5, 2.64, 13.96, 8.08, 8.08, 13.96, 2.64, 8.08, 8.2, 8.08, 8.08, 2.64, 13.96, 4.71, 8.08, 2.64, 4.98, 8.08, 4.98, 13.96, 13.96, 2.16, 13.96, 2.64, 4.98, 8.08, 4.98, 8.08, 2.64, 2.64, 8.08, 15.32, 7.48, 8.08, 8.08, 2.64, 10.5, 2.64, 4.98, 8.08, 8.08, 8.2, 13.96, 8.2, 2.64, 13.96, 8.08, 13.96, 8.08, 11.23, 8.08, 8.08, 8.08, 8.08, 8.08, 8.08, 8.08, 2.64, 8.08, 8.2, 10.5, 10.5, 8.08, 
gen17 highest 68 food touched: 16 Score: 15.32 
7.83, 10.07, 2.5, 7.83, 7.75, 2.5, 2.5, 7.83, 10.07, 7.83, 10.07, 7.83, 10.07, 7.83, 2.5, 2.5, 13.35, 7.83, 13.35, 1.29, 7.83, 4.85, 7.83, 10.07, 7.83, 7.83, 10.07, 13.35, 3.78, 2.5, 2.5, 2.86, 4.85, 7.83, 13.35, 4.85, 10.07, 10.07, 2.5, 7.83, 10.07, 10.07, 7.83, 2.5, 7.83, 7.75, 10.07, 10.07, 2.5, 7.83, 4.49, 10.07, 2.5, 4.85, 7.83, 4.85, 7.83, 7.83, 2.27, 13.35, 2.5, 4.85, 7.83, 4.85, 7.83, 2.5, 2.5, 7.83, 7.83, 7.17, 10.07, 10.07, 2.5, 10.07, 2.5, 4.85, 10.07, 10.07, 7.75, 7.83, 7.75, 2.5, 7.83, 10.07, 10.75, 10.07, 10.75, 7.83, 7.83, 7.83, 10.07, 10.07, 7.83, 7.83, 2.5, 7.83, 7.75, 10.07, 10.07, 10.07, 
gen18 highest 16 food touched: 27 Score: 13.35 
10.47, 10.47, 2.63, 10.47, 8.22, 2.63, 2.63, 8.08, 13.97, 8.08, 13.97, 8.2, 10.47, 10.47, 2.63, 2.63, 8.08, 10.47, 8.08, 1.36, 8.08, 4.99, 10.47, 10.47, 10.47, 10.47, 10.47, 8.08, 4.0, 2.63, 2.63, 3.05, 4.99, 10.47, 11.19, 4.99, 10.47, 10.47, 2.63, 10.47, 10.47, 10.47, 8.08, 2.63, 10.47, 8.22, 10.47, 10.47, 2.63, 10.47, 4.69, 10.47, 2.63, 4.99, 10.47, 4.99, 10.47, 8.08, 2.63, 8.08, 2.63, 4.99, 10.47, 4.99, 10.47, 2.63, 2.63, 10.47, 8.22, 7.46, 13.97, 10.47, 2.63, 13.97, 2.63, 4.99, 10.47, 10.47, 8.22, 10.47, 8.22, 2.63, 8.08, 10.47, 11.19, 10.47, 11.19, 10.47, 10.47, 10.47, 10.47, 10.47, 10.47, 10.47, 2.63, 8.08, 8.22, 10.47, 13.97, 13.97, 
gen19 highest 8 food touched: 27 Score: 13.97 
14.59, 14.59, 2.77, 14.59, 8.68, 2.77, 2.77, 10.9, 8.33, 10.9, 8.33, 8.6, 10.9, 10.9, 2.77, 2.77, 8.33, 10.9, 10.9, 1.44, 10.9, 5.12, 10.9, 14.59, 14.59, 14.59, 10.9, 10.9, 4.23, 2.77, 2.77, 3.25, 5.12, 14.59, 11.67, 5.12, 14.59, 10.9, 2.77, 10.9, 14.59, 14.59, 10.9, 2.77, 10.9, 8.68, 10.9, 14.59, 2.77, 14.59, 4.91, 14.59, 2.77, 5.12, 14.59, 5.12, 14.59, 8.33, 2.77, 8.33, 2.77, 5.12, 14.59, 5.12, 14.59, 2.77, 2.77, 14.59, 14.59, 7.77, 8.33, 14.59, 2.77, 8.33, 2.77, 5.12, 14.59, 14.59, 8.68, 14.59, 8.68, 2.77, 8.33, 14.59, 11.67, 14.59, 11.67, 14.59, 14.59, 14.59, 14.59, 14.59, 14.59, 14.59, 2.77, 8.33, 11.67, 10.9, 8.33, 8.33, 
gen20 highest 0 food touched: 27 Score: 14.59 
8.58, 8.58, 2.92, 8.58, 9.13, 2.92, 2.92, 15.21, 9.13, 15.21, 11.36, 9.03, 15.21, 15.21, 2.92, 2.92, 8.58, 15.21, 15.21, 1.53, 15.21, 2.72, 15.21, 15.21, 12.19, 12.19, 15.21, 15.21, 4.49, 2.92, 2.92, 3.47, 2.72, 15.21, 12.19, 5.24, 8.58, 11.36, 2.92, 15.21, 8.58, 12.19, 15.21, 2.92, 15.21, 9.13, 15.21, 15.21, 2.92, 15.21, 5.14, 12.19, 2.92, 5.24, 12.19, 5.24, 8.58, 8.58, 2.92, 9.13, 2.92, 6.44, 12.19, 5.24, 12.19, 2.92, 2.92, 12.19, 12.19, 8.11, 11.36, 8.58, 2.92, 8.58, 2.92, 5.24, 15.21, 12.19, 9.13, 12.19, 9.13, 2.92, 8.58, 8.58, 12.19, 15.21, 12.19, 12.19, 8.58, 8.58, 12.19, 12.19, 12.19, 12.19, 2.92, 8.58, 12.19, 11.36, 8.58, 8.58, 
gen21 highest 7 food touched: 27 Score: 15.21 
8.82, 11.86, 3.08, 8.82, 9.54, 3.08, 3.08, 8.82, 15.83, 12.77, 15.83, 9.5, 12.77, 12.77, 3.08, 11.82, 8.82, 15.83, 8.82, 1.62, 15.83, 5.34, 15.83, 12.77, 12.77, 12.77, 8.82, 12.77, 4.76, 3.08, 3.08, 3.7, 5.34, 8.82, 12.77, 5.34, 8.82, 11.86, 3.08, 15.83, 8.82, 12.77, 12.77, 3.08, 8.82, 9.54, 12.77, 12.77, 3.08, 12.77, 5.41, 12.77, 3.08, 5.34, 12.77, 5.34, 11.86, 11.86, 3.08, 9.54, 3.08, 6.49, 12.77, 2.84, 12.77, 3.08, 3.08, 12.77, 12.77, 8.48, 15.83, 8.82, 3.08, 8.82, 3.08, 5.34, 12.77, 12.77, 9.54, 12.77, 9.54, 3.08, 8.82, 8.82, 12.77, 8.82, 12.77, 12.77, 8.82, 8.82, 12.77, 12.77, 12.77, 12.77, 3.08, 8.82, 12.77, 11.86, 8.82, 11.86, 
gen22 highest 8 food touched: 27 Score: 15.83 
9.05, 16.41, 3.27, 12.4, 9.9, 3.27, 3.27, 9.05, 13.4, 13.4, 13.4, 10.01, 13.4, 13.4, 3.27, 12.4, 12.4, 13.4, 9.05, 1.72, 13.4, 5.42, 9.05, 13.4, 13.4, 13.4, 12.4, 13.4, 5.06, 3.27, 3.27, 3.96, 5.42, 12.4, 13.4, 5.42, 9.05, 12.4, 3.27, 9.05, 9.05, 13.4, 13.4, 3.27, 9.05, 9.9, 13.4, 13.4, 3.27, 13.4, 5.69, 13.4, 3.27, 5.42, 13.4, 5.42, 12.4, 12.4, 3.27, 16.41, 3.27, 16.41, 13.4, 2.95, 13.4, 3.27, 3.27, 13.4, 13.4, 8.88, 9.05, 9.05, 3.27, 12.4, 3.27, 2.95, 13.4, 13.4, 9.9, 13.4, 8.47, 3.27, 9.05, 12.4, 13.4, 12.4, 13.4, 13.4, 12.4, 9.05, 13.4, 13.4, 13.4, 13.4, 3.27, 9.05, 9.9, 12.4, 12.4, 12.4, 
gen23 highest 1 food touched: 27 Score: 16.41 
9.26, 14.09, 3.47, 12.98, 10.18, 3.47, 3.47, 12.98, 14.09, 14.09, 14.09, 10.56, 14.09, 14.09, 3.47, 16.95, 12.98, 14.09, 9.26, 1.83, 14.09, 3.04, 12.98, 14.09, 14.09, 14.09, 12.98, 14.09, 5.37, 3.47, 3.47, 4.23, 3.04, 16.95, 14.09, 5.46, 9.26, 12.98, 3.47, 9.26, 9.26, 14.09, 14.09, 3.47, 9.26, 10.18, 14.09, 14.09, 3.47, 14.09, 6.0, 14.09, 3.47, 5.46, 14.09, 3.04, 12.98, 16.95, 3.47, 9.26, 3.47, 16.95, 14.09, 5.46, 14.09, 3.47, 3.47, 14.09, 14.09, 9.3, 12.98, 12.98, 3.47, 12.98, 3.47, 5.46, 14.09, 14.09, 10.18, 14.09, 8.92, 3.47, 12.98, 16.95, 14.09, 12.98, 14.09, 14.09, 16.95, 9.26, 14.09, 14.09, 14.09, 14.09, 3.47, 12.98, 10.18, 12.98, 12.98, 16.95, 
gen24 highest 15 food touched: 27 Score: 16.95 
9.44, 14.85, 3.69, 13.6, 10.36, 3.69, 3.69, 17.41, 14.85, 14.85, 14.85, 11.15, 14.85, 14.85, 3.69, 14.85, 17.41, 14.85, 9.44, 1.95, 14.85, 5.47, 13.6, 14.85, 14.85, 14.85, 13.6, 14.85, 5.71, 3.69, 3.69, 4.53, 5.47, 14.85, 14.85, 5.47, 9.44, 13.6, 3.69, 9.44, 9.44, 14.85, 14.85, 3.69, 13.6, 10.36, 14.85, 14.85, 3.69, 14.85, 6.34, 14.85, 3.69, 5.47, 14.85, 5.47, 13.6, 14.85, 3.69, 13.6, 3.69, 17.41, 14.85, 5.47, 14.85, 3.69, 3.69, 14.85, 14.85, 9.76, 13.6, 17.41, 3.69, 17.41, 3.69, 5.47, 14.85, 14.85, 10.36, 14.85, 9.41, 3.69, 13.6, 14.85, 14.85, 17.41, 14.85, 14.85, 14.85, 13.6, 14.85, 14.85, 14.85, 14.85, 3.69, 13.6, 6.25, 13.6, 13.6, 14.85, 
gen25 highest 7 food touched: 27 Score: 17.41 
9.57, 15.67, 3.94, 14.27, 10.4, 3.94, 3.94, 9.57, 15.67, 15.67, 15.67, 11.79, 15.67, 15.67, 3.94, 15.67, 9.57, 15.67, 9.57, 2.08, 15.67, 5.41, 14.27, 15.67, 15.67, 15.67, 14.27, 15.67, 6.08, 3.94, 3.94, 4.84, 5.41, 15.67, 15.67, 5.41, 14.27, 14.27, 3.94, 9.57, 9.57, 15.67, 15.67, 3.94, 14.27, 10.4, 15.67, 15.67, 3.94, 15.67, 6.71, 15.67, 3.94, 5.41, 15.67, 5.41, 17.76, 15.67, 11.04, 17.76, 3.94, 17.76, 15.67, 3.08, 15.67, 3.94, 3.94, 15.67, 15.67, 10.26, 14.27, 9.57, 3.94, 9.57, 3.94, 10.06, 15.67, 15.67, 10.4, 15.67, 9.57, 3.94, 14.27, 15.67, 15.67, 9.57, 15.67, 15.67, 15.67, 14.27, 15.67, 15.67, 15.67, 15.67, 3.94, 17.76, 3.94, 14.27, 14.27, 15.67, 
gen26 highest 56 food touched: 27 Score: 17.76 
9.64, 16.57, 4.2, 14.97, 10.25, 4.2, 4.2, 14.97, 16.57, 16.57, 16.57, 12.47, 16.57, 16.57, 4.2, 16.57, 9.64, 16.57, 14.97, 2.21, 16.57, 5.27, 17.97, 16.57, 16.57, 16.57, 14.97, 16.57, 6.47, 4.2, 4.2, 5.19, 5.27, 16.57, 16.57, 5.27, 17.97, 14.97, 4.2, 9.64, 9.64, 16.57, 16.57, 4.2, 17.97, 10.25, 16.57, 16.57, 4.2, 16.57, 7.12, 16.57, 4.2, 6.33, 16.57, 3.01, 9.64, 16.57, 11.67, 16.57, 4.2, 17.97, 16.57, 5.27, 16.57, 4.2, 4.2, 16.57, 16.57, 10.78, 17.97, 9.64, 4.2, 9.64, 4.2, 9.88, 16.57, 16.57, 10.25, 16.57, 9.64, 4.2, 17.97, 16.57, 16.57, 9.64, 16.57, 16.57, 16.57, 14.97, 16.57, 16.57, 16.57, 16.57, 4.2, 16.57, 4.2, 14.97, 14.97, 16.57, 
gen27 highest 22 food touched: 27 Score: 17.97 
9.63, 17.55, 4.5, 9.44, 9.86, 4.5, 4.5, 15.73, 17.55, 17.55, 17.55, 13.2, 17.55, 17.55, 4.5, 17.55, 9.63, 17.55, 15.73, 2.36, 17.55, 5.04, 17.55, 17.55, 17.55, 17.55, 9.44, 17.55, 6.88, 4.5, 4.5, 5.55, 5.04, 17.55, 17.55, 5.04, 17.55, 15.73, 4.5, 9.63, 15.73, 17.55, 17.55, 4.5, 17.55, 9.86, 17.55, 17.55, 4.5, 17.55, 7.56, 17.55, 4.5, 5.04, 17.55, 5.04, 9.63, 17.55, 12.35, 17.55, 4.5, 17.97, 17.55, 5.04, 17.55, 4.5, 4.5, 17.55, 17.55, 11.34, 17.55, 15.73, 4.5, 9.63, 5.16, 5.04, 17.55, 17.55, 9.86, 17.55, 9.63, 4.5, 9.63, 17.55, 17.55, 15.73, 17.55, 17.55, 17.55, 17.97, 17.55, 17.55, 17.55, 17.55, 4.5, 17.55, 4.5, 15.73, 15.73, 17.55, 
gen28 highest 61 food touched: 27 Score: 17.97 
9.5, 18.62, 4.83, 16.52, 9.15, 4.83, 4.83, 16.52, 18.62, 18.62, 18.62, 13.98, 18.62, 18.62, 4.83, 18.62, 9.5, 18.62, 16.52, 2.52, 18.62, 4.68, 18.62, 18.62, 18.62, 18.62, 10.06, 18.62, 7.31, 4.83, 4.83, 5.94, 4.68, 18.62, 18.62, 4.68, 18.62, 16.52, 4.83, 9.5, 16.52, 18.62, 18.62, 4.83, 18.62, 4.83, 18.62, 18.62, 4.83, 18.62, 8.04, 18.62, 4.83, 4.68, 18.62, 4.68, 9.5, 18.62, 13.1, 18.62, 4.83, 16.52, 18.62, 4.68, 18.62, 4.83, 4.83, 18.62, 18.62, 11.93, 18.62, 16.52, 4.83, 16.52, 18.62, 4.68, 18.62, 18.62, 9.15, 18.62, 9.5, 4.83, 9.5, 18.62, 18.62, 16.52, 18.62, 18.62, 18.62, 18.62, 18.62, 18.62, 18.62, 18.62, 4.83, 18.62, 4.83, 16.52, 16.52, 18.62, 
gen29 highest 1 food touched: 11 Score: 18.62 
9.77, 17.46, 4.47, 15.69, 10.26, 4.47, 4.47, 15.69, 17.46, 17.46, 17.46, 13.15, 17.46, 17.46, 4.47, 17.46, 9.77, 17.46, 15.69, 2.35, 17.46, 5.2, 17.46, 17.46, 17.46, 17.46, 5.84, 17.46, 6.86, 4.47, 4.47, 6.0, 2.99, 17.46, 17.46, 5.2, 17.46, 15.69, 4.47, 9.77, 15.69, 17.46, 17.46, 4.47, 17.46, 4.47, 17.46, 17.46, 4.47, 17.46, 11.31, 17.46, 4.47, 5.2, 17.46, 2.99, 9.77, 17.46, 12.29, 17.46, 4.47, 15.69, 17.46, 5.2, 17.46, 4.47, 4.47, 17.46, 17.46, 11.31, 17.46, 15.69, 4.47, 9.4, 17.46, 5.2, 17.46, 17.46, 10.26, 17.46, 15.69, 4.47, 9.77, 17.46, 17.46, 15.69, 17.46, 17.46, 17.46, 17.46, 17.46, 17.46, 17.46, 17.46, 4.47, 17.46, 4.47, 15.69, 18.31, 17.46, 
gen30 highest 98 food touched: 27 Score: 18.31 
9.69, 18.52, 4.79, 18.15, 9.66, 4.79, 4.79, 16.48, 18.52, 18.52, 18.52, 13.93, 18.52, 18.52, 4.79, 18.52, 9.69, 18.52, 10.03, 2.51, 18.52, 4.88, 18.52, 18.52, 18.52, 18.52, 9.69, 18.52, 7.29, 4.79, 4.79, 9.69, 4.88, 18.52, 18.52, 4.88, 18.52, 16.48, 4.79, 9.69, 16.48, 18.52, 18.52, 4.79, 18.52, 4.79, 18.52, 18.52, 4.79, 18.52, 11.9, 18.52, 4.79, 5.46, 18.52, 2.76, 16.48, 18.52, 13.03, 18.52, 4.79, 16.48, 18.52, 4.88, 18.52, 4.79, 4.79, 18.52, 18.52, 11.9, 18.52, 16.48, 4.79, 10.03, 18.52, 4.88, 18.52, 18.52, 9.66, 18.52, 16.48, 4.79, 16.48, 18.52, 18.52, 16.48, 18.52, 18.52, 18.52, 18.52, 18.52, 18.52, 18.52, 18.52, 4.79, 18.52, 4.79, 16.48, 18.52, 18.52, 
gen31 highest 1 food touched: 11 Score: 18.52 
15.64, 17.37, 4.44, 9.91, 10.64, 4.44, 4.44, 15.64, 17.37, 17.37, 17.37, 12.72, 17.37, 17.37, 4.44, 17.37, 15.64, 17.37, 9.37, 2.34, 17.37, 5.35, 17.37, 17.37, 17.37, 17.37, 9.91, 17.37, 6.83, 4.44, 4.44, 9.91, 5.35, 17.37, 17.37, 5.35, 17.37, 15.64, 4.44, 9.91, 15.64, 17.37, 17.37, 14.3, 17.37, 4.44, 17.37, 17.37, 4.44, 17.37, 11.27, 17.37, 4.44, 5.12, 17.37, 5.35, 9.37, 17.37, 12.23, 17.37, 4.44, 15.64, 17.37, 5.35, 17.37, 4.44, 4.44, 17.37, 17.37, 11.27, 17.37, 9.37, 4.44, 15.64, 17.37, 5.35, 17.37, 17.37, 10.64, 17.37, 15.64, 4.44, 15.64, 17.37, 17.37, 9.37, 17.37, 17.37, 17.37, 17.37, 17.37, 17.37, 17.37, 17.37, 4.44, 17.37, 4.44, 15.64, 17.37, 17.37, 
gen32 highest 1 food touched: 11 Score: 17.37 
